Price,Open,High,Low,Close,Volume,SMA_50,SMA_200,RSI,MACD,MACD_Signal,MACD_Hist,BB_Upper,BB_Middle,BB_Lower,ADX,ADX_Plus_DI,ADX_Minus_DI,EMA_9,EMA_21,EMA_50,EMA_200
,,,,,,,,,,,,,,,,,,,,,
,,,,,,,,,,,,,,,,,,,,,
,,,,,,,,,,,,,,,,,,,,,
,,,,,,,,,,,,,,,,,,,,,
,,,,,,,,,,,,,,,,,,,,,
,,,,,,,,,,,,,,,,,,,,,
,,,,,,,,,,,,,,,,,,,,,
,,,,,,,,,,,,,,,,,,,,,
,,58.95018598768446,,,,,,,,,,,,,,,,,,,
,,59.23477800157335,,,,,,,,,,,,,,,,,,,
,,59.516916334364154,,,,,,,,,,,,,,,,,,,
,,59.7874771592882,,,,,,,,,,,,,,,,,,,
,,60.01833850843642,,,,,,,,,,,,,,,,,,,
,,60.249482208116326,,,,,,,,,,,,,,,,,,,
1970-01-01 00:00:00.000000030,6.065284628028772,60.535313458143456,,,,,,,,,,,,,,,,,,,
1970-01-01 00:00:00.000000033,5.383004992481569,60.88251636099719,,,,,,,,,,,,,,,,,,,
1970-01-01 00:00:00.000000031,4.686999828296756,61.00810277995986,,,,,,,,,,,,,,,,,,,
1970-01-01 00:00:00.000000029,6.693799869424796,61.11658354232727,,,,,,,,,,,,,,,,,,,
1970-01-01 00:00:00.000000028,6.186754495628116,61.222586597045414,,,,,,,,,,,,,,,,,,,
1970-01-01 00:00:00.000000029,5.55261544919962,61.33782651030235,,,,,,,,,,,,,,,,,,,
1970-01-01 00:00:00.000000035,4.44947567531794,61.74397718114227,60.399082728794646,,,,,,,,,,,,,,,,,,
1970-01-01 00:00:00.000000032,4.0878868596102285,62.067296307902105,60.66830910026253,,,,,,,,,,,,,,,,,,
1970-01-01 00:00:00.000000031,3.7079126370323183,62.38361686199551,60.93927182554495,,,,,,,,,,,,,,,,,,
1970-01-01 00:00:00.000000029,3.517712104701988,62.56299013876634,61.152109227390824,,,,,,,,,,,,,,,,,,
1970-01-01 00:00:00.000000027,4.682125483229412,62.73852687663808,61.36016055473029,,,,,,,,,,,,,,,,,,
1970-01-01 00:00:00.000000029,4.27411258892836,63.02596707015813,61.61612121741283,,,,,,,,,,,,,,,,,,
1970-01-01 00:00:00.000000031,3.9531787320473457,63.347996861692906,61.89066620017821,,,,,,,,,,,,,,,,,,
1970-01-01 00:00:00.000000033,3.765989037754149,63.61693050937386,62.145393372898155,,,,,,,,,,,,,,,,,,
1970-01-01 00:00:00.000000032,3.417449345099348,63.86600381912019,62.39238461700791,,,,,,,,,,,,,,,,,,
1970-01-01 00:00:00.000000030,5.744160210637619,63.94409700060865,62.56184689969469,,,,,,,,,,,,,,,,,,
1970-01-01 00:00:00.000000028,5.450939122820027,63.97426411171739,62.70121832300902,,,,,,,,,,,,,,,,,,
1970-01-01 00:00:00.000000026,6.426889993606297,63.98547208038954,62.82204428956076,,,,,,,,,,,,,,,,,,
1970-01-01 00:00:00.000000026,5.936784741229939,64.12530088208507,62.99136899858861,,,,,,,,,,,,,,,,,,
1970-01-01 00:00:00.000000027,5.4634078580927135,64.30824241465244,63.17760895734618,,,,,,,,,,,,,,,,,,
1970-01-01 00:00:00.000000029,4.983390531562749,64.5563717637532,63.39317988487437,,,,,,,,,,,,,,,,,,
1970-01-01 00:00:00.000000030,4.665162876500304,64.8469605091471,63.63101039449693,,,,,,,,,,,,,,,,,,
1970-01-01 00:00:00.000000027,7.272165664849299,64.92757451083331,63.77819404204977,,,,,,,,,,,,,,,,,,
1970-01-01 00:00:00.000000025,9.922577975326783,64.93390836354946,63.88556219953743,,,,,,,,,,,,,,,,,,
1970-01-01 00:00:00.000000024,9.41725697939714,64.97289573380833,63.99858792820165,,,,,,,,,,,,,,,,,,
1970-01-01 00:00:00.000000027,8.773530627793743,65.08809441907792,64.13952440383387,,,,,,,,,,,,,,,,,,
1970-01-01 00:00:00.000000026,8.251972020195238,65.22063880430531,64.28600548941397,,,,,,,,,,,,,,,,,,
1970-01-01 00:00:00.000000026,7.604744098349009,65.32990459813175,64.42063842432519,,,,,,,,,,,,,,,,,,
1970-01-01 00:00:00.000000025,7.337354328916895,65.35431369315384,64.51439402877219,,,,,,,,,,,,,,,,,,
1970-01-01 00:00:00.000000025,6.965926037409822,65.41100069817543,64.61651718236214,,,,,,,,,,,,,,,,,,
1970-01-01 00:00:00.000000028,6.490766954638904,65.48704335639191,64.72330780117085,,,,,,,,,,,,,,,,,,
1970-01-01 00:00:00.000000026,8.447826218904188,65.62865598638307,64.85710768345965,,,,,,,,,,,,,,,,,,
1970-01-01 00:00:00.000000029,8.04157191444084,65.8469524990674,65.02647412585465,,,,,,,,,,,,,,,,,,
1970-01-01 00:00:00.000000033,7.531509410165563,66.10397801487892,65.21789284878831,,,,,,,,,,,,,,,,,,
1970-01-01 00:00:00.000000032,7.27429512626476,66.32090976786017,65.39705138796984,,,,,,,,,,,,,,,,,,
1970-01-01 00:00:00.000000032,6.682226862903429,66.46214315852642,65.5452355091718,63.15382904052734,,,,,,,,,,,,,,,,,
1970-01-01 00:00:00.000000033,6.038131927158124,66.70921647994614,65.740896805213,63.33201259837431,,,,,,,,,,,,,,,,,
1970-01-01 00:00:00.000000031,5.668654919723184,66.85356550573425,65.89453906009243,63.49275569682578,,,,,,,,,,,,,,,,,
1970-01-01 00:00:00.000000028,12.173578459147128,66.82041801738038,65.96665624226264,63.61805265239987,,,,,,,,,,,,,,,,,
1970-01-01 00:00:00.000000026,11.155731076463375,66.8439808982793,66.05498134950012,63.74825578061458,,,,,,,,,,,,,,,,,
1970-01-01 00:00:00.000000029,9.923293095494992,67.05991982604532,66.22486263928278,63.91199773184967,,,,,,,,,,,,,,,,,
1970-01-01 00:00:00.000000034,8.856425485851327,67.40230140038705,66.4564049173256,64.10257929914003,,,,,,,,,,,,,,,,,
1970-01-01 00:00:00.000000033,8.417276899533917,67.70528533417682,66.68011547659927,64.29138878032418,,,,,,,,,,,,,,,,,
1970-01-01 00:00:00.000000033,7.946436707894089,68.05429632154068,66.9319540942717,64.4937006034878,,,,,,,,,,,,,,,,,
1970-01-01 00:00:00.000000030,9.645723197443877,68.21233964512317,67.10582308019728,64.66432069509428,,,,,,,,,,,,,,,,,
1970-01-01 00:00:00.000000027,15.296220852666004,68.1061403318212,67.15814308005328,64.78263529836953,,,,,,,,,,,,,,,,,
1970-01-01 00:00:00.000000026,18.06571684587011,68.01472030989055,67.2027700929728,64.89504333459692,,,,,,,,,,,,,,,,,
1970-01-01 00:00:00.000000023,22.43107449516908,67.79134320347885,67.17504870068727,64.97358417550811,,,,,,,,,,,,,,,,,
1970-01-01 00:00:00.000000022,21.08988267958946,67.65464286112292,67.16893895441562,65.05728054084894,,,,,,,,,,,,,,,,,
1970-01-01 00:00:00.000000020,20.520219934696552,67.51782439632022,67.15090364375142,65.13231073678072,,,,100.0,,,,,,,,,,,,,
1970-01-01 00:00:00.000000019,19.556597421878863,67.36151751266165,67.11321149232195,65.19521188349628,,,,100.0,,,,,,,,,,,,,
1970-01-01 00:00:00.000000019,18.15408020721072,67.3899403284887,67.14870422863785,65.2857381465669,,,,100.0,,,,,,,,,,,,,
1970-01-01 00:00:00.000000018,17.030111773676953,67.34483190146284,67.15013095270345,65.35941108957837,,,,100.00000000000001,,,,,,,,,,,,,
1970-01-01 00:00:00.000000018,16.126466352293505,67.37659183952965,67.18226737443922,65.44349816809675,,,,100.00000000000001,,,,,,,,,,,,,
1970-01-01 00:00:00.000000021,14.72090342985621,67.36646359613545,67.19532948790462,65.5173198329776,,,,100.0,,,,,,,,,,,,,
1970-01-01 00:00:00.000000020,14.022902718853844,67.45367197554117,67.25052730656456,65.60693495690649,,,,100.0,,,,,,,,,,,,,
1970-01-01 00:00:00.000000019,14.580752704069248,67.55736659654622,67.31612892238292,65.69968829508923,,,,100.0,,,,,,,,,,,,,
1970-01-01 00:00:00.000000020,13.926423945511049,67.65809267909245,67.38384420300969,65.79228863682211,,,,100.0,,,,,,,,,,,,,
1970-01-01 00:00:00.000000018,20.033656802560753,67.54319930196537,67.35655162032307,65.84292930963132,,,,100.0,,,,,,,,,,,,,
1970-01-01 00:00:00.000000017,19.23203086958971,67.47551250553714,67.34275286573227,65.89633464336437,,,,100.0,,,,,,,,,,,,,
1970-01-01 00:00:00.000000016,18.28702925269764,67.39067306595315,67.31625854226726,65.94162800274684,,,,100.0,,,,,,,,,,,,,
1970-01-01 00:00:00.000000015,19.879970266896063,67.30987731995002,67.28629815987365,65.9826109962053,,,,99.99999999999999,,,,,,,,,,,,,
1970-01-01 00:00:00.000000018,18.45499417215226,67.3486281743194,67.30605574459395,66.04225886269909,,,,100.0,,,,,,,,,,,,,
1970-01-01 00:00:00.000000022,17.21717113123739,67.45232630654537,67.35706148012625,66.11382199888537,,,,100.0,,,,,,,,,,,,,
1970-01-01 00:00:00.000000025,15.236193665509038,67.66614266144724,67.46291117111974,66.2082371393626,,,,100.0,,,,,,,,,,,,,
1970-01-01 00:00:00.000000027,14.007997735680778,67.81780945386483,67.55032621224842,66.2951484916831,,,,100.0,,,,,,,,,,,,,
1970-01-01 00:00:00.000000025,18.377765107791703,67.83090771934187,67.5805966276122,66.3574289736269,,,,100.0,,,,,,,,,,,,,
1970-01-01 00:00:00.000000028,16.352405888566622,68.08532554070787,67.71899664566307,66.46509830117768,,,,100.0,,,,,,,,,,,,,
1970-01-01 00:00:00.000000026,15.340894012941078,68.19192681440224,67.80075439689185,66.54953883482482,,,,100.0,,,,,,,,,,,,,
1970-01-01 00:00:00.000000024,18.11899795284903,68.23682239634601,67.85672260845814,66.62274926185604,,,,100.0,,,,,,,,,,,,,
1970-01-01 00:00:00.000000025,17.071239781724653,68.39066946492838,67.96120762034901,66.71621233940121,,,,99.99999999999999,,,,,,,,,,,,,
1970-01-01 00:00:00.000000024,15.869595340252513,68.41681718815364,68.01213493495862,66.78700432926998,,,,99.99999999999999,,,,,,,,,,,,,
1970-01-01 00:00:00.000000023,16.456792305281724,68.40542793265182,68.04374729638461,66.84868537167682,,,,99.99999999999999,,,,,,,,,,,,,
1970-01-01 00:00:00.000000021,21.26184910935299,68.25092163078942,68.0063972170169,66.87943874625185,,,,100.0,,,,,,,,,,,,,
1970-01-01 00:00:00.000000020,21.99230101368301,68.09637329095966,67.95837746380087,66.90291879273768,,,,100.0,,,,,,,,,,,,,
1970-01-01 00:00:00.000000026,18.966119120680847,68.26424157710368,68.04722630542622,66.98263628014718,,,,100.0,,,,,,,,,,,,,
1970-01-01 00:00:00.000000032,16.42956578966705,68.67212934566732,68.25235849765309,67.11287330523638,,,,100.0,,,,,,,,,,,,,
1970-01-01 00:00:00.000000030,15.34428688887533,68.87141319333074,68.38110305095593,67.21309586518728,,,,100.0,,,,,,,,,,,,,
1970-01-01 00:00:00.000000028,16.781167910361738,68.94778668259428,68.46039192265525,67.29310311124459,,,,100.0,,,,,,,,,,,,,
1970-01-01 00:00:00.000000026,16.99726963231209,69.06588315466918,68.55838075177465,67.3811488340573,,,,100.00000000000001,,,,,,,,,,,,,
1970-01-01 00:00:00.000000027,15.527808208555932,69.23364371855956,68.68077213562432,67.48011107484412,,,,100.0,,,,,,,,,,,,,
1970-01-01 00:00:00.000000028,14.656030418412202,69.48999267260156,68.84755544045571,67.59914156166472,,,,99.99999999999999,,,,,,,,,,,,,
1970-01-01 00:00:00.000000029,13.906608680799271,69.69669994862812,68.99991667793559,67.71382342405961,,,,100.00000000000001,,,,,,,,,,,,,
1970-01-01 00:00:00.000000029,13.113999075420564,69.97280643107047,69.18876355819961,67.84572181373727,,,,100.00000000000001,,,,,,,,,,,,,
1970-01-01 00:00:00.000000033,12.300303261854882,70.33862875081341,69.42632305561648,68.00086676338621,,65.81248808806482,,100.0,,,,,,,,,,,,,
1970-01-01 00:00:00.000000035,11.441201549606216,70.64920195084605,69.65042957337648,68.15344040995839,,65.91248031545345,,100.0,,,,,,,,,,,,,
1970-01-01 00:00:00.000000031,18.10694066066753,70.63383757386043,69.73424325451661,68.24830078862348,,66.01080607925843,,100.0,,,,,,,,,,,,,
1970-01-01 00:00:00.000000028,23.511919026361607,70.46195134570945,69.73789445257015,68.30814806879924,,66.1071139266979,,100.0,,,,,,,,,,,,,
1970-01-01 00:00:00.000000026,23.58626136005906,70.26092765371601,69.71234340104033,68.35319453220878,,66.20181676429408,,100.00000000000001,,,,,,,,,,,,,
1970-01-01 00:00:00.000000026,22.06509110726749,70.23364751848062,69.74981463526748,68.4226585496727,,66.29530481967525,,100.0,,,,,,,,,,,,,
1970-01-01 00:00:00.000000030,20.13563639788366,70.41539091517512,69.87641007769345,68.52931368505625,,66.38765113873937,,100.00000000000001,,,,,,,,,,,,,
1970-01-01 00:00:00.000000026,21.50252854204609,70.50867686788229,69.96781104142231,68.621568861278,,66.47803092998214,,100.0,,,,,,,,,,,,,
1970-01-01 00:00:00.000000035,18.464254959608812,70.96112240250896,70.22263772320352,68.78428790754224,,66.5678889125265,,100.0,,,,,,,,,,,,,
1970-01-01 00:00:00.000000036,17.538919470264048,71.42567892786654,70.50093475103019,68.96074348094439,,66.65722977007563,,100.0,,,,,,,,,,,,,
1970-01-01 00:00:00.000000037,16.11108307859805,71.72240807149245,70.71987928693618,69.11558980114249,,66.7462551521966,,100.0,,,,,,,,,,,,,
1970-01-01 00:00:00.000000035,20.0748205847771,71.87511121061193,70.88042878513197,69.2477597605914,,66.83555764144103,,100.0,,,,,,,,,,,,,
1970-01-01 00:00:00.000000033,22.72488916029701,71.88327530882158,70.97456541390726,69.35239395435882,,66.92470465383626,,100.0,,,,,,,,,,,,,
1970-01-01 00:00:00.000000034,20.999070355978645,72.06405738084634,71.13934907345617,69.48709166865633,,67.01497480369922,,100.0,,,,,,,,,,,,,
1970-01-01 00:00:00.000000033,19.9096870262528,72.24125597547786,71.30395828077869,69.62289397004251,,67.10628707228311,,100.0,,,,,,,,,,,,,
1970-01-01 00:00:00.000000036,18.50576132815626,72.54424226817525,71.52688820425016,69.78498391000025,,67.1993405357475,,100.0,,,,,,,,,,,,,
1970-01-01 00:00:00.000000033,18.43490958580706,72.70520124862223,71.6925381102647,69.92475070452613,,67.29393131216808,,100.0,,,,,,,,,,,,,
1970-01-01 00:00:00.000000030,18.07009918983239,72.7851113162806,71.82092115359646,70.04945662148252,,67.38920568166641,,100.0,,,,,,,,,,,,,
1970-01-01 00:00:00.000000029,16.493520411430307,73.02492132841512,72.01757935571979,70.20375876875588,,67.48609263524995,,100.0,,,,,,,,,,,,,
1970-01-01 00:00:00.000000030,15.257393290101897,73.2183989767946,72.19710028431912,70.35232938842476,,67.58426925965651,,100.0,,,,,,,,,,,,,
1970-01-01 00:00:00.000000028,14.161979677915388,73.48392175711928,72.41063779287356,70.51678756450293,,67.68425861428702,,100.0,,,,,,,,,,,,,
1970-01-01 00:00:00.000000028,13.235068801017771,73.59048213225792,72.55664559650437,70.6540399593386,,67.78520071433566,,100.0,,,,,,,,,,,,,
1970-01-01 00:00:00.000000026,15.779056857280354,73.5894190920368,72.65014753601781,70.76898611509601,,67.8865866707358,,100.0,,,,,,,,,,,,,
1970-01-01 00:00:00.000000023,23.031152490188333,73.28403222187164,72.59672364558082,70.81971155141424,,67.98713512902764,,100.0,,,,,,,,,,,,,
1970-01-01 00:00:00.000000022,25.517822264391175,72.94201306997779,72.5037429925646,70.84928899890397,,68.08726232281309,,100.0,,,,,,,,,,,,,
1970-01-01 00:00:00.000000021,23.901009879216,72.68631004094317,72.4273570773137,70.881218760704,,68.18696000515988,,100.0,,,,,,,,,,,,,
1970-01-01 00:00:00.000000019,25.834672588285,72.50128954886782,72.36679803215486,70.91572812618881,,68.28644200762874,,100.0,,,,,,,,,,,,,
1970-01-01 00:00:00.000000025,23.798751498715333,72.52590041350832,72.39021129032899,70.98273266524299,,68.38644444100947,,100.0,,,,,,,,,,,,,
1970-01-01 00:00:00.000000029,21.937040570038217,72.70029644164651,72.48181758704446,71.07744434716284,,68.48714815069876,,100.0,,,,,,,,,,,,,
1970-01-01 00:00:00.000000026,26.148094945492502,72.79095919921565,72.5428896454488,71.1588626170581,,68.5880489630622,,100.0,,,,,,,,,,,,,
1970-01-01 00:00:00.000000026,25.098165265894323,72.8781469980444,72.6050722407134,71.23996205142286,,68.68868346130341,,100.0,,,,,,,,,,,,,
1970-01-01 00:00:00.000000026,24.044751411110255,73.01791982011521,72.69343031959386,71.33161103404936,,68.78941271215074,,99.99999999999999,,,,,,,,,,,,,
1970-01-01 00:00:00.000000029,22.56142832044534,73.20302604163905,72.80706855669754,71.43403612791936,,68.8909448552366,,100.0,,,,,,,,,,,,,
1970-01-01 00:00:00.000000028,21.02726913219486,73.37065142413155,72.91925804737063,71.53627600345591,,68.99236840928215,,100.0,,,,,,,,,,,,,
1970-01-01 00:00:00.000000025,21.624173225627967,73.39400801674665,72.97091044190121,71.61279201850498,,69.09363347295576,,100.0,,,,,,,,,,,,,
1970-01-01 00:00:00.000000025,20.18583314116716,73.56578014386608,73.08745209739598,71.71632443551826,,69.195504976429,,100.0,,,,,,,,,,,,,
1970-01-01 00:00:00.000000023,19.80606396493422,73.59245870981943,73.14306308614478,71.79408320171883,,69.29706239367536,,100.0,,,,,,,,,,,,,
1970-01-01 00:00:00.000000025,18.36527321934854,73.69685209969148,73.2313687746025,71.88507702358005,,69.39902384756155,,100.0,,,,,,,,,,,,,
1970-01-01 00:00:00.000000023,18.613459406862766,73.90087767584694,73.36642433877216,71.99613204149726,,69.50197278095797,,100.0,,,,,,,,,,,,,
1970-01-01 00:00:00.000000021,17.189400929052265,73.82307793413459,73.3796474868188,72.05557309741052,,69.60549546798114,,100.0,,,,,,,,,,,,,
1970-01-01 00:00:00.000000019,20.706277009017743,73.73478223256159,73.37982493585977,72.1075741299148,,69.70958857472468,,99.99999999999999,,,,,,,,,,,,,
1970-01-01 00:00:00.000000018,21.005019620416792,73.56480485099068,73.33483133484589,72.1380573140243,,69.81269699540222,,100.0,,,,,,,,,,,,,
1970-01-01 00:00:00.000000017,22.21655868187552,73.44511170305817,73.30133204179882,72.17053895313425,,69.91385030836018,,100.0,,,,,,,,,,,,,
1970-01-01 00:00:00.000000016,21.344779011705594,73.26304126674341,73.23164363086114,72.1848221126774,,70.01328483330998,,100.0,,,,,,,,,,,,,
1970-01-01 00:00:00.000000015,20.35780070503321,73.09621334786739,73.15866708917952,72.19439386011607,,70.11131064828741,,100.0,,,,,,,,,,,,,
1970-01-01 00:00:00.000000016,19.20328418157229,73.09140854450486,73.15080547480453,72.22881721191759,,70.20826401584462,,100.0,,,,,,,,,,,,,
1970-01-01 00:00:00.000000015,20.667134497378804,72.92144989468592,73.06815182213231,72.22931909754475,,70.30324817629862,,100.0,,,,,,,,,,,,,
1970-01-01 00:00:00.000000013,23.251955750318263,72.63728961545577,72.92565151998711,72.20074377993653,,70.39528022066406,,96.72194723795083,,,,,,,,,,,,,
1970-01-01 00:00:00.000000012,22.552541325600547,72.572813870099,72.870129644413,72.20522092145556,,70.48510817061198,,96.73997869481742,,,,,,,,,,,,,
1970-01-01 00:00:00.000000013,21.157423854583193,72.5033194554542,72.81151256736409,72.20600997539358,,70.57231393384511,,96.74337864612068,,,,,,,,,,,,,
1970-01-01 00:00:00.000000012,25.02206407285966,72.33698478799619,72.70788834470954,72.18505453001204,,70.65599768917762,,93.94127875367262,,,,,,,,,,,,,
1970-01-01 00:00:00.000000010,22.95115872825828,72.38631298908837,72.69659174914113,72.20068477563733,,70.7369425764912,,94.07903411565114,,,,,,,,,,,,,
1970-01-01 00:00:00.000000013,20.55229068344182,72.52348825748163,72.73073698386055,72.23486142486938,,70.81667378921613,,94.37993090728004,,,,,,,,,,,,,
1970-01-01 00:00:00.000000013,18.93239776223796,72.70542085500874,72.79459282579298,72.28185318252616,,70.89614789149066,,94.77324038915464,,,,,,,,,,,,,
1970-01-01 00:00:00.000000015,18.13104474712496,72.92644148137028,72.88695020406783,72.34180105720421,,70.97592002199058,,95.23169233068747,,,,,,,,,,,,,
1970-01-01 00:00:00.000000016,17.40093905739417,73.17873253079935,73.00521806992671,72.4141969658831,,71.05575079031478,,95.71993584686393,,,,,,,,,,,,,
1970-01-01 00:00:00.000000015,18.417032179082952,73.35103045823324,73.0993093515669,72.47796266008254,,71.13472376981531,,96.09883551782832,,,,,,,,,,,,,
1970-01-01 00:00:00.000000013,22.62600134418715,73.1984528455905,73.05283962824441,72.48228343400164,,71.21193806126978,,96.12387531589805,,,,,,,,,,,,,
1970-01-01 00:00:00.000000012,20.126460752637843,73.38485633164818,73.15080605075664,72.54691821211448,,71.28719066736123,,96.48711242797003,,,,,,,,,,,,,
1970-01-01 00:00:00.000000012,19.392378207125116,73.51265038514276,73.2301715551534,72.60483618807552,,71.36007252150384,,96.77844547994503,,,,,,,,,,,,,
1970-01-01 00:00:00.000000013,18.256216411584557,73.66739417286031,73.32618953411496,72.67077866398357,,71.43117629876066,,97.07579663929295,,,,,,,,,,,,,
1970-01-01 00:00:00.000000013,17.384131516969514,73.8272838685617,73.42988527204697,72.74121254584175,,71.50104535446567,,97.35646313971634,,,,,,,,,,,,,
1970-01-01 00:00:00.000000014,16.550281396280557,74.0503616407478,73.56741140454199,72.82754431774961,,71.57054836173349,,97.65372283908383,,,,,,,,,,,,,
1970-01-01 00:00:00.000000013,15.819144561922291,74.1664764463873,73.66409542857865,72.89826554720827,,71.63877183930452,,97.8654696281318,,,,,,,,,,,,,
1970-01-01 00:00:00.000000012,21.664742753438585,74.03129517078173,73.64832039583143,72.9214931754887,,71.70474382341345,,97.93149838680394,,,,,,,,,,,,,
1970-01-01 00:00:00.000000011,20.22332373066575,74.12824963760195,73.72720649665429,72.98402550213162,,71.76872465525608,,98.10174185924251,,,,,,,,,,,,,
1970-01-01 00:00:00.000000013,19.403672164283723,74.1795589385972,73.78698737355646,73.03895768410992,,71.83100879484775,,98.2388660096744,,,,,,,,,,,,,
1970-01-01 00:00:00.000000012,23.61540876817272,74.04996428954964,73.76376903899309,73.05827642957068,,71.89118519100951,,98.28576524148731,,,,,,,,,,,,,
1970-01-01 00:00:00.000000012,22.241733819937593,74.12513531103424,73.82395543517305,73.11190556554723,,71.94934812694534,,98.41217551953933,,,,,,,,,,,,,
1970-01-01 00:00:00.000000015,20.853751790754607,74.25582571708911,73.91074015391264,73.17726563518494,,72.00584685188055,,98.55229206877193,,,,,,,,,,,,,
1970-01-01 00:00:00.000000020,18.842559496035246,74.62782494134707,74.11120212522775,73.29250313334941,,72.06136116325747,,98.76004979457113,,,,,,,,,,,,,
1970-01-01 00:00:00.000000021,17.935776872085228,74.9697266889175,74.31357772104333,73.4119082527945,,72.1165185291266,,98.93120307732003,,,,,,,,,,,,,
1970-01-01 00:00:00.000000019,21.505344113642064,74.9938462315051,74.38419105566261,73.47772849393415,,72.17069337670335,,99.01214876907864,,,,,,,,,,,,,
1970-01-01 00:00:00.000000018,23.033176231542356,74.94095100864159,74.41557097034669,73.52681247915977,,72.22483539525827,,99.06878735966728,,,,,,,,,,,,,
1970-01-01 00:00:00.000000017,23.4216667020104,74.94621631228438,74.46572611184749,73.58330130455961,,72.27951564137138,,99.13056952990104,,,,,,,,,,,,,
1970-01-01 00:00:00.000000015,23.19094722186424,74.90284707326501,74.48969374869658,73.62824517956463,,72.3344561697486,,99.17733547550036,,,,,,,,,,,,,
1970-01-01 00:00:00.000000018,21.072689891631377,74.96659833732295,74.55623098913823,73.69072981540738,,72.38995620353296,,99.23865042642481,,,,,,,,,,,,,
1970-01-01 00:00:00.000000020,19.949775833748948,75.07174821331539,74.64133250987885,73.76138149783397,,72.44552918018479,,99.3019985678124,,,,,,,,,,,,,
1970-01-01 00:00:00.000000019,21.642940255777567,75.07710682260544,74.68289694168674,73.81381913555678,,72.50025667595266,,99.34552453524249,,,,,,,,,,,,,
1970-01-01 00:00:00.000000018,21.56782390605621,75.10928525056482,74.73336076175178,73.86966932484485,,72.5544728101084,,99.38921124767587,,,,,,,,,,,,,
1970-01-01 00:00:00.000000020,20.292952747372013,75.30238944312765,74.85531034826333,73.95614528125795,,72.6087964747051,,99.45038561577206,,,,,,,,,,,,,
1970-01-01 00:00:00.000000021,19.25823111438808,75.5044542791115,74.98780155506184,74.04855972603399,,72.66313544854479,,99.50719061977425,,,,,,,,,,,,,
1970-01-01 00:00:00.000000022,18.85311576383091,75.69236194623842,75.12018256048768,74.14249827068936,,72.71730469140019,,99.55728006636676,,,,,,,,,,,,,
1970-01-01 00:00:00.000000021,19.179747523041115,75.84268807993996,75.24052892905662,74.23275295084845,,72.77123423034804,,99.59940887505617,,,,,,,,,,,,,
1970-01-01 00:00:00.000000022,18.133495555192724,75.99904517830744,75.36634207839487,74.32654591637508,,72.82550930830544,,99.63796439828255,,,,,,,,,,,,,
1970-01-01 00:00:00.000000026,16.509774793504185,76.31938079596627,75.5694676409591,74.45494502814867,,72.88028172015805,,99.68295144568272,,,,,,,,,,,,,
1970-01-01 00:00:00.000000025,15.581992126546478,76.5165855693902,75.72728009751609,74.56672775893053,,72.93573461130228,,99.7160340613276,,,,,,,,,,,,,
1970-01-01 00:00:00.000000023,15.68771130106967,76.68419283295357,75.87522026021526,74.67605694043156,,72.99155420963932,,99.74415308934657,,,,,,,,,,,,,
1970-01-01 00:00:00.000000024,14.52383171860359,76.80350966187068,76.00299814360832,74.7782028242397,,73.04719562529417,,99.76733428842087,,,,,,,,,,,,,
1970-01-01 00:00:00.000000022,14.435682818665514,76.81528545166452,76.08112454972027,74.8599356001848,,73.10328287534965,,99.78418425009197,,,,,,,,,,,,,
1970-01-01 00:00:00.000000021,17.79219741668174,76.74759121533553,76.11709634247475,74.92334260684498,,73.15959824488826,,99.7964972132038,,,,,,,,,,,,,
1970-01-01 00:00:00.000000019,23.55460074447109,76.51458603379187,76.06850261203316,74.94919447746351,,73.21582098815705,,99.80147050438735,,,,,,,,,,,,,
1970-01-01 00:00:00.000000018,22.519736270748293,76.38889203259991,76.05192201346942,74.98593649904659,,73.27212893907529,,99.8086287401848,,,,,,,,,,,,,
1970-01-01 00:00:00.000000024,20.444875622104856,76.47046268613853,76.11963322136246,75.05694860889939,,73.32957146899973,,99.82198805425362,,,,,,,,,,,,,
1970-01-01 00:00:00.000000024,19.04069629551963,76.55212851072724,76.18864763842788,75.1283934402791,,73.38825146060299,,99.83450545643453,,,,,,,,,,,,,
1970-01-01 00:00:00.000000022,19.93448678680492,76.42876945897243,76.16561905783927,75.16003813877612,,73.44687587914017,,99.83987621627563,,,,,,,,,,,,,
1970-01-01 00:00:00.000000021,19.49595875821533,76.38258618485372,76.16854942425196,75.20073676425073,,73.50630423247428,,99.84676395175923,,,,,,,,,,,,,
1970-01-01 00:00:00.000000019,20.648832683485644,76.30134330091032,76.15107872796875,75.23115382310901,,73.56691243333773,,99.85189164840216,,,,,,,,,,,,,
1970-01-01 00:00:00.000000018,19.861018790037555,76.19204509971263,76.1150581431463,75.25169101808207,,73.62784183527026,,99.8554097547729,,,,,,,,,,,,,
1970-01-01 00:00:00.000000017,20.026391526062636,76.05374441717245,76.05919301077043,75.26144986784402,,73.68895063311926,,99.85714620914771,,,,,,,,,,,,,
1970-01-01 00:00:00.000000016,19.775163041020605,75.89551781157,75.98677649971495,75.26149541769956,,73.75047945087302,,99.85715483223915,,,,,,,,,,,,,
1970-01-01 00:00:00.000000014,20.156613690492616,75.91004980833804,75.98508570841452,75.2892084521196,69.89045944213868,73.81224992440266,,99.86258949882853,,,,,,,,,,,,,
1970-01-01 00:00:00.000000018,18.9170825471919,75.9873049833892,76.01338025161263,75.32870324551074,69.95419940474022,73.87412676081549,,99.87017041129492,,,,,,,,,,,,,
1970-01-01 00:00:00.000000022,16.989927884281744,76.23615441151604,76.12412314910452,75.40332477015829,70.02661087458384,73.93655619256815,,99.88327367079194,,,,,,,,,,,,,
1970-01-01 00:00:00.000000022,15.85546390832058,76.49102619034565,76.25015861788266,75.48595961468793,70.10107756544036,73.9994393637178,,99.89581373884317,,,,,,,,,,,,,
1970-01-01 00:00:00.000000022,15.022149287645862,76.64077474866325,76.34012319643274,75.55473645261914,70.17210932082835,74.06225015345252,,99.90496494942734,,,,,,,,,,,,,
1970-01-01 00:00:00.000000023,14.087026048406251,76.80815507725092,76.44353712326627,75.630145861991,70.24480153048779,74.12529381749069,,99.91389519685734,,,,,,,,,,,,,
1970-01-01 00:00:00.000000028,12.515024167042968,77.15207826101948,76.63301292988695,75.7437782201911,70.32721913711075,74.19052371321449,,99.9252880139933,,,,,,,,,,,,,
1970-01-01 00:00:00.000000025,15.73062539694207,77.20243043108121,76.70308803729068,75.80887864729452,70.39763326620744,74.25576292191809,,99.93092673053489,,,,,,,,,,,,,
1970-01-01 00:00:00.000000022,21.12723485883393,77.08191809974778,76.69370446793826,75.83989786796587,70.45934705235875,74.3204641555159,,99.93350204347293,,,,,,,,,,,,,
1970-01-01 00:00:00.000000022,20.520301299707334,76.95268963116541,76.6702564032926,75.86326562831373,70.51881400464211,74.3843138948025,,99.93545439302352,,,,,,,,,,,,,
1970-01-01 00:00:00.000000027,18.784213926684775,77.00189932456124,76.71830019373368,75.91563709771886,70.58528091104512,74.44780238584003,,99.93972554405485,,,,,,,,,,,,,
1970-01-01 00:00:00.000000026,17.628691373983628,77.08885161296931,76.78360570035804,75.97528508473387,70.65345384493125,74.51075720117973,,99.94425040919077,,,,,,,,,,,,,
1970-01-01 00:00:00.000000025,16.025587654143067,77.02222875131295,76.78107220984253,76.00589105414382,70.71417308333679,74.57290971131845,,99.94647094091168,,,,,,,,,,,,,
1970-01-01 00:00:00.000000023,21.656147376573823,76.84422953425349,76.72208679676736,76.0108456271584,70.76808412396046,74.63469676035183,,99.94684007523696,,,,,,,,,,,,,
1970-01-01 00:00:00.000000021,26.7294987122934,76.47212129830123,76.56405057474234,75.97056494979894,70.81003043471203,74.69442754930517,,94.25596710869975,,,,,,,,,,,,,
1970-01-01 00:00:00.000000020,25.381209767160076,76.26959919928552,76.46363786824055,75.95052361071753,70.85629392096587,74.75265886783733,,91.46546955689875,,,,,,,,,,,,,
1970-01-01 00:00:00.000000017,32.743852486688,75.78682956694796,76.22655724727302,75.86837566667361,70.88613926540997,74.80886085257939,,80.8938194789837,,,,,,,,,,,,,
1970-01-01 00:00:00.000000016,32.577339254986846,75.35597274779666,75.99073799490196,75.78069605116451,70.91346669034311,74.86223666229174,,71.40714686057981,,,,,,,,,,,,,
1970-01-01 00:00:00.000000015,31.151862799218716,74.96168707274904,75.75381130196166,75.68672931867016,70.9380545279771,74.91242593596144,,62.894382679084146,,,,,,,,,,,,,
1970-01-01 00:00:00.000000014,32.5756648110114,74.60161894530862,75.51813267774213,75.58769469580258,70.96017683551511,74.9583297672105,,55.398473285591734,,,,,,,,,,,,,
1970-01-01 00:00:00.000000019,29.564703504436,74.53841948486017,75.40608622004433,75.53663300745998,70.99326583857533,75.00082426230381,,51.959934953262575,,,,,,,,,,,,,
1970-01-01 00:00:00.000000021,27.6611126244663,74.44487285595454,75.28468623097957,75.47914490286674,71.0238869380953,75.04085259048246,,48.32329647430311,,,,,,,,,,,,,
1970-01-01 00:00:00.000000020,29.97794285556428,74.36342239365035,75.17131662311175,75.42261453586936,71.05387433716335,75.07876863161665,,44.988841631278845,,,,,,,,,,,,,
1970-01-01 00:00:00.000000025,27.510760931938467,74.39581451404138,75.11259538424754,75.38742898527077,71.08841671187422,75.11485118523088,,42.99998349565237,,,,,,,,,,,,,
1970-01-01 00:00:00.000000024,24.8884314433202,74.50769775381123,75.09828950503328,75.37048003341273,71.12689247307836,75.14969588230784,,42.035969712041805,,,,,,,,,,,,,
1970-01-01 00:00:00.000000025,23.377963081188177,74.72782415763884,75.14465680211654,75.37980747417888,71.17148388899747,75.18347743548327,,42.79602554395031,,,,,,,,,,,,,
1970-01-01 00:00:00.000000023,22.415491208076546,74.83943858636498,75.15749675658499,75.3761246830844,71.21242331598526,75.21577229918827,,42.55873800596746,,,,,,,,,,,,,
1970-01-01 00:00:00.000000022,20.560901617468986,75.00644009028339,75.20449215198245,75.38782356241273,71.2568215527014,75.2472523877254,,43.62800644019912,,,,,,,,,,,,,
1970-01-01 00:00:00.000000021,19.322703605769867,75.03257211617203,75.19836561268646,75.37799127446426,71.29543129068175,75.27741882671779,,42.905125194236824,,,,,,,,,,,,,
1970-01-01 00:00:00.000000021,18.28375423367142,75.15433222907045,75.23863898250261,75.38831995706033,71.33867448859202,75.30606232023383,,43.95565508184412,,,,,,,,,,,,,
1970-01-01 00:00:00.000000020,17.501648045039158,75.26662374224074,75.28201632908618,75.40116191148628,71.38222787472466,75.33311436394288,,45.303202519787234,,,,,,,,,,,,,
1970-01-01 00:00:00.000000021,16.607319431472312,75.31677494594103,75.30341300469127,75.4057194742022,71.42337366463529,75.35837878801313,,45.80126931988868,,,,,,,,,,,,,
1970-01-01 00:00:00.000000020,21.91281755527476,75.17998550851064,75.24245070960924,75.3754099951664,71.45530853124379,75.38123192889948,,42.99715377895314,,,,,,,,,,,,,
1970-01-01 00:00:00.000000019,20.57430715723183,75.16975592389836,75.23212224377652,75.36574048890297,71.49186105914633,75.40201582035006,,42.11136890425036,,,,,,,,,,,,,
1970-01-01 00:00:00.000000023,18.92304847702646,75.35171202671636,75.30915989779577,75.39373248690632,71.53750957037859,75.42079156952519,,45.60488489089218,,,,,,,,,,,,,
1970-01-01 00:00:00.000000024,17.877095361736778,75.56837065897075,75.41150946963144,75.43456671047817,71.5862408700563,75.43814834855615,,50.315379580327516,,,,,,,,,,,,,
1970-01-01 00:00:00.000000024,16.948481486207722,75.73012224739145,75.49929302703532,75.4715299218741,71.63391139474305,75.45405780818501,,54.18316014408808,,,,,,,,,,,,,
1970-01-01 00:00:00.000000023,17.588829545716518,75.77189381842098,75.53926457935384,75.48986130150801,71.67674789929823,75.46829097773038,,56.01203447836813,,,,,,,,,,,,,
1970-01-01 00:00:00.000000022,19.261861328342523,75.81853891948288,75.5816150106608,75.51006749845791,71.71981627168064,75.48129361569583,,58.00206958235105,,,,,,,,,,,,,
1970-01-01 00:00:00.000000024,18.316875614003813,75.89057790072302,75.63589853929923,75.53628970736872,71.76418361052644,75.49355255770631,,60.499529380416405,,,,,,,,,,,,,
1970-01-01 00:00:00.000000022,22.728769462334828,75.78121842409404,75.6093423555064,75.52874032737694,71.7998014901986,75.50514347470457,,59.40427496639839,,,,,,,,,,,,,
1970-01-01 00:00:00.000000019,23.62531062926956,75.84418708058382,75.653589569237,75.55098822459914,71.84255034807268,75.51644450921563,,61.60996216715432,,,,,,,,,,,,,
1970-01-01 00:00:00.000000023,21.713325729985172,76.05659050919363,75.76746362872753,75.60413395005143,71.8929349637499,75.52738821603867,,66.31786305674319,,,,,,,,,,,,,
1970-01-01 00:00:00.000000027,20.561318756894803,76.25793109876115,75.8852663403915,75.66135589150163,71.94438131691687,75.53804746506312,,70.51107356797117,,,,,,,,,,,,,
1970-01-01 00:00:00.000000026,19.295507516290417,76.50662869248549,76.03218931557252,75.73351523173227,71.99967522488171,75.54951700692224,,74.77569836698076,,,,,,,,,,,,,
1970-01-01 00:00:00.000000026,18.32861177575619,76.74196219471105,76.18228994175804,75.80997723062957,72.05622866745615,75.56170181624982,,78.34877348511927,,,,,,,,,,,,,
1970-01-01 00:00:00.000000033,16.2018728099447,77.0839918138743,76.38863724619162,75.91359029180204,72.11986928062105,75.57535054562368,,82.05774544713387,,,,,,,,,,,,,
1970-01-01 00:00:00.000000030,17.95774802976955,77.16747726457601,76.48979922993627,75.97585808692286,72.1734170396933,75.5898338870005,,83.8484313723567,,,,,,,,,,,,,
1970-01-01 00:00:00.000000029,18.647351870137165,77.24914599623112,76.58852847474675,76.03860172754752,72.2271723022123,75.60537692419457,,85.42673376627722,,,,,,,,,,,,,
1970-01-01 00:00:00.000000028,17.95516400590535,77.3210941407349,76.68128831511068,76.10018153112408,72.28072169939178,75.62215064646306,71.46027896864463,86.79099882195706,,,,,,,,,,,,,
1970-01-01 00:00:00.000000028,17.205936077486246,77.42990845467777,76.78891353286872,76.16939659697996,72.33628830646698,75.63975440936026,71.52535680642688,88.13543640758692,,,,,,,,,,,,,
1970-01-01 00:00:00.000000027,17.24159629134831,77.49050269147659,76.87472863339627,76.23070965743847,72.38998573265808,75.65779453759882,71.58985029172221,89.1854968085427,,,,,,,,,,,,,
1970-01-01 00:00:00.000000029,16.4307393263583,77.61834056870862,76.98881621923631,76.30517955626978,72.44709723857827,75.67583163332105,71.65391241101943,90.30753862872982,,,,,,,,,,,,,
1970-01-01 00:00:00.000000025,20.942894895788264,77.54700857557236,77.01362207230822,76.34268940124066,72.49500354071209,75.6929662290521,71.71753559476365,90.82396309710067,,,,,,,,,,,,,
1970-01-01 00:00:00.000000024,19.568575512933528,77.47340550547743,77.02865581347089,76.3754856296272,72.5416104032433,75.70938121259228,71.7806717440087,91.26232416573899,,,,,,,,,,,,,
1970-01-01 00:00:00.000000022,18.563717064758528,77.46577884774132,77.06562094104598,76.4170458879476,72.59030355561697,75.7251192131114,71.84319698478919,91.79711328071197,,,,,,,,,,,,,
1970-01-01 00:00:00.000000021,19.748304261976564,77.46298562702118,77.10072928678186,76.45762498034732,72.63867678137343,75.73939614831451,71.90497221319524,92.29310545203265,,,,,,,,,,,,,
1970-01-01 00:00:00.000000021,18.542411324718717,77.41445588442944,77.11160270744374,76.48753525225771,72.68426543941014,75.75296928041378,71.9659529455549,92.6460694011652,,,,,,,,,,,,,
1970-01-01 00:00:00.000000021,17.347322760958587,77.45334205129356,77.15681034483521,76.53150981957114,72.73326664616974,75.76680151944589,72.02614199163531,93.14327238653918,,,,,,,,,,,,,
1970-01-01 00:00:00.000000023,16.341924862772206,77.56050536710907,77.23247837079302,76.58867251803389,72.78556407884837,75.78130965724029,72.08576375075,93.73613295019162,,,,,,,,,,,,,
1970-01-01 00:00:00.000000025,15.40508314233758,77.69418218675366,77.32306119756929,76.65299475126128,72.83972652050493,75.79605681031114,72.14511554801447,94.33020125770122,,,,,,,,,,,,,
1970-01-01 00:00:00.000000023,16.89086030440996,77.85899412586778,77.43171398709246,76.72614169757748,72.89622916092104,75.81107394256802,72.20427103982938,94.92021113698593,,,,,,,,,,,,,
1970-01-01 00:00:00.000000033,14.849633751753991,78.25868577920986,77.65223566031842,76.84893819542064,72.9654950637236,75.82793488539356,72.26364780992894,95.72456384755172,,,,,,,,,,,,,
1970-01-01 00:00:00.000000037,13.85720084345377,78.69582801789913,77.90606850689458,76.98993657884165,73.03991199814084,75.84751670442722,72.32331109011889,96.42462408937182,,,,,,,,,,,,,
1970-01-01 00:00:00.000000040,12.330391556240992,79.25221295142869,78.23076706859024,77.1659293673399,73.12387061194588,75.87142399277803,72.38347918327169,97.06960465238848,,,,,,,,,,,,,
1970-01-01 00:00:00.000000045,11.21582227224937,79.82628360577186,78.58456699173153,77.3603072832538,73.2134098717588,75.89961966622876,72.44430466027048,97.58729088407439,,,,,,,,,,,,,
1970-01-01 00:00:00.000000045,10.413903157314436,80.39466183334797,78.95580406008797,77.56845894836748,73.3074871341657,75.93362133186264,72.50571826427948,97.99564168518675,,,,,,,,,,,,,
1970-01-01 00:00:00.000000046,9.688961998669203,81.00974496960806,79.3661925559571,77.79989497057457,73.40860743645906,75.97400531025085,72.56792068368446,98.33339322656467,,,,,,,,,,,,,
1970-01-01 00:00:00.000000050,8.695356889411007,81.69856135654582,79.82870476944252,78.06083347777937,73.51851011773108,76.02148739343302,72.63100736023289,98.61646903799507,,,,,,,,,,,,,
1970-01-01 00:00:00.000000049,8.039359061970629,82.18678335037337,80.2206108200099,78.2992192757364,73.62419331383012,76.0757178850317,72.69491685744669,98.81456446427723,,,,,,,,,,,,,
1970-01-01 00:00:00.000000046,7.592659449769408,82.64514964172449,80.60770209156617,78.5415485122616,73.73219750779329,76.13581619512773,72.75958992522345,98.9751978178669,,,,,,,,,,,,,
1970-01-01 00:00:00.000000046,6.958199853976099,83.11435121972725,81.00619804067271,78.79447435616265,73.84422696076787,76.20212278419365,72.82506385552881,99.11065448364624,,,,,,,,,,,,,
1970-01-01 00:00:00.000000047,6.207557966397293,83.70299678388727,81.46541449520495,79.07930199084362,73.96575285210876,76.27525653329313,72.89149892229892,99.23352115960331,,,,,,,,,,,,,
1970-01-01 00:00:00.000000047,5.881783898283343,84.19375423863326,81.89190263724242,79.35685030718768,74.0870566451984,76.35464495973147,72.9590685272867,99.33057381890342,,,,,,,,,,,,,
1970-01-01 00:00:00.000000046,5.5598917041482006,84.58636020243004,82.27961913000377,79.62351437583199,74.20715343537172,76.43970564657985,73.02770442594904,99.40811859606197,,,,,,,,,,,,,
1970-01-01 00:00:00.000000040,11.00903225928714,84.6772363553034,82.53063020607587,79.8359546343012,74.31495032623168,76.52882858978231,73.09717605910681,99.46162342920962,,,,,,,,,,,,,
1970-01-01 00:00:00.000000037,15.634975682603196,84.62594130592242,82.70246028810519,80.01575096661874,74.41550565739752,76.621621115453,73.16734175895888,99.50260498465813,,,,,,,,,,,,,
1970-01-01 00:00:00.000000035,14.907604744927246,84.60639879669107,82.86843924007431,80.19271088007548,74.51612976786885,76.71771886180625,73.23809401904576,99.53974005252577,,,,,,,,,,,,,
1970-01-01 00:00:00.000000034,14.000876437983212,84.55580080004817,83.00343647401996,80.35587550491474,74.614013141457,76.81727654641526,73.30930428657592,99.57150610335623,,,,,,,,,,,,,
1970-01-01 00:00:00.000000032,13.4913334425212,84.61188154580026,83.17005175172802,80.53157468232234,74.71572648859483,76.92014164092049,73.38092097429072,99.6032598246575,,,,,,,,,,,,,
1970-01-01 00:00:00.000000034,12.891419301326426,84.70668663312459,83.34422040906382,80.71017594899291,74.8189123641553,77.02632192167063,73.45299611157726,99.63302991424513,,,,,,,,,,,,,
1970-01-01 00:00:00.000000032,14.79301899297974,84.71094409409733,83.47001618442059,80.86773665444372,74.91750999175562,77.13556226527545,73.52554764998135,99.65744993770474,,,,,,,,,,,,,
1970-01-01 00:00:00.000000034,13.318226136523064,84.89081643250444,83.66458796639442,81.05371975764722,75.02390596980914,77.24912846052509,73.59849075726369,99.6841666864799,,,,,,,,,,,,,
1970-01-01 00:00:00.000000036,12.41500117790292,85.18620661280043,83.91033154526623,81.26211378024867,75.13678021223875,77.36705592635198,73.6720536319908,99.71133428283612,,,,,,,,,,,,,
1970-01-01 00:00:00.000000039,11.693608931128768,85.51741164033801,84.17686792755914,81.48094193594434,75.2532523668482,77.48880011533275,73.74634459536125,99.73692462555412,,,,,,,,,,,,,
1970-01-01 00:00:00.000000036,13.638710886271776,85.6441996980126,84.3563664731184,81.66409526899402,75.36169116845878,77.61339068650307,73.82108401000922,99.75639039647173,,,,,,,,,,,,,
1970-01-01 00:00:00.000000032,20.842574540112885,85.55917689708195,84.4347954931403,81.80350665818482,75.45977469606973,77.74003022122928,73.8961665216538,99.77032132901066,,,,,,,,,,,,,
1970-01-01 00:00:00.000000029,21.530655503659517,85.37961996004839,84.455395194847,81.91558060146832,75.55133307931196,77.86854460722849,73.97150099780275,99.78115589972786,,,,,,,,,,,,,
1970-01-01 00:00:00.000000025,27.85153737761905,84.95795927370278,84.34775167970821,81.96874671624683,75.6281488350235,77.99771819158427,74.04694753765273,99.78630579899415,,,,,,,,,,,,,
1970-01-01 00:00:00.000000021,35.032117618743314,84.30932091017317,84.10838947755789,81.9587867452589,75.68871220438699,78.12616813234207,74.12222687741533,99.31480145097963,,,,,,,,,,,,,
1970-01-01 00:00:00.000000019,34.92146442670051,83.66721991173229,83.83479188123161,81.92506239909066,75.74254408213407,78.25409457377634,74.19693900801005,97.63259330846661,,,,,,,,,,,,,
1970-01-01 00:00:00.000000015,50.33844222051663,82.22626402753036,83.16457811845807,81.71084193209585,75.74970723047824,78.37729164792628,74.26992885114436,87.49466049007648,,,,,,,,,,,,,
1970-01-01 00:00:00.000000012,60.03545908317295,80.64066393198523,82.35854952130775,81.4201525837707,75.7352650047999,78.49361202060066,74.34096413473726,75.96720228580992,,,,,,,,,,,,,
1970-01-01 00:00:00.000000026,48.41246241576336,80.34273897029522,82.06695766696478,81.33116774219283,75.76925280697637,78.6070082576145,74.411154457892,72.80503376998638,,,,,,,,,,,,,
1970-01-01 00:00:00.000000031,42.87201580637406,80.16432942086509,81.82911526298112,81.25742356497526,75.80588403499794,78.71748642427934,74.48053583154659,70.1972280879132,,,,,,,,,,,,,
1970-01-01 00:00:00.000000034,36.61456869574042,80.74909964509051,81.94357574289121,81.32921795623082,75.87834469675909,78.82787123879137,74.54978136595352,71.27594391793849,,,,,,,,,,,,,
1970-01-01 00:00:00.000000032,34.08034624984738,81.04545128589663,81.96969229800301,81.36457638340299,75.94155378285224,78.9368909606234,74.61860854006223,71.81697852898203,,,,,,,,,,,,,
1970-01-01 00:00:00.000000028,39.84269948696053,81.10107202725247,81.91095254297326,81.3629677014137,75.99510603369626,79.0446331529132,74.68685426144899,71.75076179690215,,,,,,,,,,,,,
1970-01-01 00:00:00.000000027,33.341547781172274,80.68942390598167,81.65021425914827,81.2719819649229,76.02543165943956,79.14930075766071,74.75398556220492,67.93549297099587,,,,,,,,,,,,,
1970-01-01 00:00:00.000000023,31.009631099426052,80.32015026980487,81.39501802878003,81.17672995551798,76.05346771979437,79.2508317261486,74.81986487816557,64.09315308058508,,,,,,,,,,,,,
1970-01-01 00:00:00.000000020,33.265866746761255,79.1923522104728,80.78466729644953,80.9220017209151,76.03981291634513,79.3458838286273,74.88370768472036,55.115542595533,,,,,,,,,,,,,
1970-01-01 00:00:00.000000014,47.92920946462923,77.0948134700384,79.6864846793451,80.44289022238121,75.96682630531981,79.43012743992615,74.94468063188916,42.93416656827814,,,,,,,,,,,,,
1970-01-01 00:00:00.000000015,43.80498461173658,76.0710335763237,78.9855237086287,80.11085193920802,75.9271157351322,79.50624088758492,75.00369415124119,36.85486922039408,,,,,,,,,,,,,
1970-01-01 00:00:00.000000013,44.00461185104533,74.45126198068787,77.98431024403924,79.63482541602906,75.84796210192835,79.57208360788069,75.0601023056603,30.24326686371627,,,,,,,,,,,,,
1970-01-01 00:00:00.000000023,35.91035204937425,74.74362524617139,77.79601643168162,79.48887454905167,75.84861002437788,79.63435138626917,75.11543338565718,28.552013024181814,,,,,,,,,,,,,
1970-01-01 00:00:00.000000020,33.773411837201536,74.4914044083629,77.40388048854047,79.25333127485862,75.8250668505744,79.6910770940074,75.1690534736062,26.022813692879595,,,,,,,,,,,,,
1970-01-01 00:00:00.000000018,32.02435251565047,73.04605321419032,76.48213212026405,78.78318684986417,75.739888557907,79.73758833139773,75.21986156354913,21.860364136991357,,,,,,,,,,,,,
1970-01-01 00:00:00.000000015,38.47129884285735,70.33155616388156,74.9358990150261,78.02594689350269,75.57803462163575,79.76835656422263,75.26606985847893,17.112527181752828,,,,,,,,,,,,,
1970-01-01 00:00:00.000000014,41.271504751108125,67.91856829536306,73.42050972468637,77.25107120439628,75.40578170819947,79.78274779191912,75.30752149709619,13.807735671500698,,,,,,,,,,,,,
1970-01-01 00:00:00.000000015,38.66220028606172,66.32945531378068,72.19800914857407,76.57349991745726,75.25222172490845,79.78244433990761,75.34481104767777,11.683053712212056,,,,,,,,,,,,,
1970-01-01 00:00:00.000000017,35.689846011140595,65.26459574516518,71.18047717785853,75.96297668425122,75.11045989153328,79.76864397856741,75.37838713229607,10.165232350690344,,,,,,,,,,,,,
1970-01-01 00:00:00.000000022,32.02159896378433,65.82941646429622,70.89940646540052,75.65418149431275,75.04059162734708,79.74720477450211,75.40989606999582,9.49343153806193,,,,,,,,,,,,,
1970-01-01 00:00:00.000000024,29.492729960568532,66.54763961674948,70.76496335277888,75.40972466028333,74.98467063828456,79.71842050379935,75.43950923495396,8.987073346048762,,,,,,,,,,,,,
1970-01-01 00:00:00.000000023,27.42305288181336,67.17382183744256,70.66619856800033,75.18497274106497,74.93187342516944,79.68232122704383,75.46731962880908,8.536268482129723,,,,,,,,,,,,,
1970-01-01 00:00:00.000000022,26.732455278799748,67.05381271897748,70.29416017501094,74.84727876083173,74.84870827909927,79.63594821491367,75.49263110306323,7.89542712736356,,,,,,,,,,,,,
1970-01-01 00:00:00.000000020,30.849501710048305,66.05716989564097,69.5465636684004,74.3462324801048,74.72156290918082,79.57566671885068,75.51473851194113,7.049765991153791,,,,,,,,,,,,,
1970-01-01 00:00:00.000000019,30.660040108075183,65.62942961158113,69.0349186508496,73.93730055834939,74.6140694322272,79.50304355105033,75.53417773162546,6.443197252288265,,,,,,,,,,,,,
1970-01-01 00:00:00.000000018,30.07424073584147,64.57305739165749,68.24515954731444,73.40436988986364,74.47211419918975,79.4151330494361,75.55018078723101,5.748972724107435,,,,,,,,,,,,,
1970-01-01 00:00:00.000000020,27.650349211970283,64.7417970485799,67.988031922674,73.09113011678153,74.38201112930994,79.31573898221615,75.56387479087279,5.381921436789071,,,,,,,,,,,,,
1970-01-01 00:00:00.000000020,26.62807348051497,64.90342604218424,67.76638738575832,72.79539725010781,74.29412984460639,79.20566254170357,75.5752678393008,5.053851556081293,,,,,,,,,,,,,
1970-01-01 00:00:00.000000022,25.042646310719835,65.79019536255599,67.90919513651147,72.65978452045822,74.24480788241173,79.08802726186751,75.58529656210641,4.9061598032767835,,,,,,,,,,,,,
1970-01-01 00:00:00.000000026,23.56973503994528,67.00070334815027,68.26678969596746,72.62774337418642,74.22090666259199,78.96469264222799,75.59459034840187,4.869947983022865,,,,,,,,,,,,,
1970-01-01 00:00:00.000000025,24.14662761463129,67.50131188506319,68.3792402720354,72.50523367452087,74.17396974090167,78.83321127590153,75.6030179590174,4.726307212016256,,,,,,,,,,,,,
1970-01-01 00:00:00.000000024,23.275005639926057,68.35960816283571,68.68956327220725,72.47729483528184,74.15027644272281,78.6956201664634,75.6111579881993,4.692316266270964,,,,,,,,,,,,,
1970-01-01 00:00:00.000000023,24.14598822516533,68.60674933544435,68.77190424981376,72.36427598001114,74.10495343359999,78.550435398547,75.61857327429581,4.549769323372916,,,,,,,,,,,,,
1970-01-01 00:00:00.000000022,24.209149432893874,68.87771209042579,68.8800550553172,72.27005194590684,74.06372566918957,78.3991173447791,75.62534489339441,4.428968824405722,,,,,,,,,,,,,
1970-01-01 00:00:00.000000025,23.215401814355157,69.48236986765313,69.15468650270313,72.25557935887373,74.04220602050671,78.24391391262421,75.63170912686256,4.409602466755874,,,,,,,,,,,,,
1970-01-01 00:00:00.000000023,24.218496832499643,69.38842580134907,69.14177405119673,72.12840564033488,73.99216068235374,78.0826278078294,75.63696393332843,4.234387264982696,,,,,,,,,,,,,
1970-01-01 00:00:00.000000022,26.34516437065434,69.24002378316911,69.09674147476514,71.99185701563349,73.93896919009599,77.91534743804377,75.6411289053213,4.048380675045485,,,,,,,,,,,,,
1970-01-01 00:00:00.000000026,25.065570751374565,69.54248441960169,69.24724924663485,71.94324799405304,73.90726130726252,77.74358090427839,75.64464533503445,3.981333490477978,,,,,,,,,,,,,
1970-01-01 00:00:00.000000025,24.47664988052822,69.45482646390401,69.23424428249652,71.83191256844756,73.85946959914163,77.56601563666749,75.64714684270645,3.82507613705817,,,,,,,,,,,,,
1970-01-01 00:00:00.000000024,24.506457482185276,69.41966256272478,69.2383136166339,71.73179862294012,73.81389285644379,77.3832968760374,75.64863565518154,3.6850213981570588,,,,,,,,,,,,,
1970-01-01 00:00:00.000000025,24.00663808692126,69.45645758924233,69.27152489651377,71.6483413316606,73.77199977026338,77.19518930751767,75.64919598182257,3.5677462282428505,,,,,,,,,,,,,
1970-01-01 00:00:00.000000028,22.73662896807095,69.65403325889388,69.37814408205797,71.60112543385038,73.73888868735031,77.00196954058971,75.6491376488993,3.4998839628710265,,,,,,,,,,,,,
1970-01-01 00:00:00.000000026,23.949947431854195,69.56238065984948,69.36156464402286,71.50679778011789,73.69368352890575,76.80248665747318,75.64809001562229,3.36228828013097,,,,,,,,,,,,,
1970-01-01 00:00:00.000000025,25.07439084007255,69.48572758696162,69.34497833960353,71.41551611405093,73.64876245195555,76.59751507437431,75.64619718018396,3.2299527268887074,,,,,,,,,,,,,
1970-01-01 00:00:00.000000024,25.671504623675133,69.13806784837789,69.19974657182529,71.27166955640357,73.5900427150609,76.3868783323387,75.64313014284808,3.0277171798118374,,,,,,,,,,,,,
1970-01-01 00:00:00.000000024,24.22879849912135,69.13629198622185,69.19333220507731,71.18765069292098,73.54565610632993,76.17231973416774,75.6390877361052,2.9129910124693503,,,,,,,,,,,,,
1970-01-01 00:00:00.000000025,22.92993526715889,69.1781543775517,69.20717509033129,71.11541356546805,73.50386454251442,75.95525307115217,75.63438693844547,2.8142542551510155,,,,,,,,,,,,,
1970-01-01 00:00:00.000000023,27.22991524810539,68.46416962020542,68.87999831764847,70.89944560567794,73.42530102060702,75.73406624836055,75.6283462958243,2.5373476978042273,,,,,,,,,,,,,
1970-01-01 00:00:00.000000021,25.84324680150803,67.97360010046123,68.61920956345173,70.70775448472918,73.35153008529237,75.50972009007333,75.62119478167783,2.319220736600244,,,,,,,,,,,,,
1970-01-01 00:00:00.000000021,24.86607785681968,67.79278999247836,68.47833138136947,70.56507978182007,73.28902281638943,75.2868048470678,75.61316748582125,2.1697137558179675,,,,,,,,,,,,,
1970-01-01 00:00:00.000000020,25.96011371400594,67.53223919613113,68.29757725676698,70.4052741437386,73.221371206383,75.06650727826715,75.60426974597657,2.0131720433112705,,,,,,,,,,,,,
1970-01-01 00:00:00.000000019,25.798109049594157,67.11216068063537,68.03705628966566,70.21023777020581,73.1438634990424,74.84408867882742,75.594348965527,1.8388023927039863,,,,,,,,,,,,,
1970-01-01 00:00:00.000000018,26.92668667399746,66.74586257771142,67.7864757329702,70.0169213935709,73.06562276936054,74.61927863539933,75.58328948643526,1.68318452741701,,,,,,,,,,,,,
1970-01-01 00:00:00.000000019,25.373525583224733,66.51497161734493,67.58692410050736,69.84337183993591,72.99125247091794,74.38956171307343,75.57135975014722,1.5558810349508445,,,,,,,,,,,,,
1970-01-01 00:00:00.000000018,24.27465404955376,66.38568945207906,67.43070925418994,69.687496896841,72.92037991688906,74.1560201233422,75.55879351573175,1.4498190205130175,,,,,,,,,,,,,
1970-01-01 00:00:00.000000023,22.926197063550607,66.52581688148747,67.39940174009277,69.58549021849905,72.86232963512023,73.9204705736839,75.54569486221698,1.383359745478116,,,,,,,,,,,,,
1970-01-01 00:00:00.000000021,26.438977588052783,66.17768780694779,67.16174444633789,69.39724242596141,72.78195990251993,73.68297578290468,75.53165102446981,1.2678556004945882,,,,,,,,,,,,,
1970-01-01 00:00:00.000000020,25.481454432087013,66.00164273823401,66.99226426606889,69.23646674115426,72.7074872911852,73.4441705186174,75.51690808552551,1.1774336176447995,,,,,,,,,,,,,
1970-01-01 00:00:00.000000020,25.623492111928176,65.79697764273565,66.80917817467555,69.06948048702046,72.63058012670318,73.20712009393951,75.50125206408244,1.090446742399339,,,,,,,,,,,,,
1970-01-01 00:00:00.000000022,24.567681820421814,65.87008333489165,66.7503898045701,68.9554814915889,72.56622118119883,72.97737191932366,75.48485516441603,1.0342700417014212,,,,,,,,,,,,,
1970-01-01 00:00:00.000000026,23.186631597408425,66.12004738080394,66.78398196455947,68.88349804346593,72.51202896610684,72.75282484140881,75.46786338872073,0.9992635864141842,,,,,,,,,,,,,
1970-01-01 00:00:00.000000027,22.134710965564704,66.57533325376424,66.93057239920002,68.86439916904004,72.47107819774365,72.53741631646903,75.4504763792799,0.9896922152865668,,,,,,,,,,,,,
1970-01-01 00:00:00.000000035,19.586897706118194,67.55432330467156,67.34327340911827,68.96659071175615,72.4611200416298,72.32697063972313,75.43323834800927,6.168554548110875,,,,,,,,,,,,,
1970-01-01 00:00:00.000000034,18.73144825336061,68.3627076061396,67.72990717301766,69.06971440196226,72.45251431795201,72.1232983022652,75.41619710671867,11.215397428892379,,,,,,,,,,,,,
1970-01-01 00:00:00.000000034,17.858751850320118,69.15890998139605,68.14934465569077,69.19810675805871,72.4514317822751,71.9315967004291,75.39977622333896,17.187569540678368,,,,,,,,,,,,,
1970-01-01 00:00:00.000000034,17.01568514958952,69.76899962818325,68.51843679747634,69.31619505050081,72.4490230900667,71.75740166356906,75.38362260753088,22.360423030673807,,,,,,,,,,,,,
1970-01-01 00:00:00.000000035,15.996563989737124,70.42671398477317,68.93108539871784,69.46291569209423,72.4550782972415,71.60163855332301,75.36791300505098,28.349029593707794,,,,,,,,,,,,,
1970-01-01 00:00:00.000000031,22.299997264453463,70.5178497644787,69.10847698822538,69.5185814642984,72.43942968615751,71.46054018425984,75.35215201905255,30.53815499400151,,,,,,,,,,,,,
1970-01-01 00:00:00.000000031,20.557632386913447,70.7772055317978,69.35449077121163,69.6086225284857,72.43321275993777,71.33345310114453,75.33648906896578,34.048196900280956,,,,,,,,,,,,,
1970-01-01 00:00:00.000000031,18.74655479076771,71.38781361977418,69.76137760761782,69.77417638900312,72.44711358791531,71.21585299903833,75.32122222932203,40.04694570626144,,,,,,,,,,,,,
1970-01-01 00:00:00.000000028,17.68609971428281,71.54036411603418,69.9785765615684,69.86736814241767,72.44416286665322,71.10500586868102,75.3060677422981,43.17993276063695,,,,,,,,,,,,,
1970-01-01 00:00:00.000000027,16.87318602741151,71.57169711558126,70.13479952085942,69.93911955305893,72.43672869995785,71.00008880492089,75.29115587418595,45.53967809149601,,,,,,,,,,,,,
1970-01-01 00:00:00.000000023,26.58223890766359,70.99040517781657,70.00120296685017,69.8891633912432,72.39920142360761,70.90092649752913,75.2756815636315,44.164435300090354,,,,,,,,,,,,,
1970-01-01 00:00:00.000000022,25.867868591411757,70.53208854655013,69.88280469908965,69.84248333752717,72.3623817280641,70.81085151467757,75.25969919189858,42.86190493550445,,,,,,,,,,,,,
1970-01-01 00:00:00.000000020,26.641133890624673,70.15871832259167,69.7721167652413,69.7963168312225,72.32559422257846,70.72803184013503,75.24338939390685,41.55653137579365,,,,,,,,,,,,,
1970-01-01 00:00:00.000000024,24.580092245330217,69.83314683824912,69.65927532302653,69.74669110846392,72.28783568206404,70.65487826450705,75.22656332162143,40.14132566554559,,,,,,,,,,,,,
1970-01-01 00:00:00.000000023,24.09905336115531,69.68186476063836,69.60631724367823,69.72041837676711,72.25588444592604,70.58746402970675,75.20927908532934,39.376779794094695,,,,,,,,,,,,,
1970-01-01 00:00:00.000000022,23.11868619455648,69.48021928653804,69.52152816608356,69.6793681419973,72.22024019661471,70.52514344754454,75.19121341037258,38.15400339331962,,,,,,,,,,,,,
1970-01-01 00:00:00.000000020,24.927546735551285,68.9728854512031,69.28716652460898,69.572081160345,72.16773581764207,70.46338938034228,75.17201427491032,35.087292900659286,,,,,,,,,,,,,
1970-01-01 00:00:00.000000019,24.583324259224913,68.71987025061092,69.14358860857563,69.49897246575273,72.12335844083212,70.4008139621736,75.15212049476942,33.13295556607463,,,,,,,,,,,,,
1970-01-01 00:00:00.000000020,23.199125434961047,68.57288716728561,69.03825826543097,69.43959922529123,72.08218029549036,70.339501273189,75.13168442850008,31.593883062986613,,,,,,,,,,,,,
1970-01-01 00:00:00.000000019,23.241774705805547,68.41498697992225,68.92417898952532,69.37464969608251,72.03940622519164,70.27744837040503,75.1106411704577,29.95467725510143,,,,,,,,,,,,,
1970-01-01 00:00:00.000000018,24.965366325110335,68.05183211323468,68.71281841288523,69.26580902747082,71.98527494580152,70.21547903135422,75.08882898969722,27.390055796845516,,,,,,,,,,,,,
1970-01-01 00:00:00.000000016,27.50815916515619,67.54295037076353,68.4214188663392,69.11842135583977,71.9208187115237,70.15244641955287,75.06596744739939,24.34980908165245,,,,,,,,,,,,,
1970-01-01 00:00:00.000000015,26.17039102252071,67.39955652463817,68.27637907304806,69.0285217395377,71.87012381031586,70.08790526716615,75.04230314860791,22.695072568379718,,,,,,,,,,,,,
1970-01-01 00:00:00.000000018,24.742517531126587,67.29659834471055,68.14986875958914,68.94445287230093,71.82051825623311,70.02422621180548,75.01795631729163,21.24136280450418,,,,,,,,,,,,,
1970-01-01 00:00:00.000000022,22.54491291022659,67.6106353041864,68.21504279436193,68.94140700052795,71.79112785708742,69.96321721150338,74.99331500567004,21.18840797646587,,,,,,,,,,,,,
1970-01-01 00:00:00.000000024,21.61558508487318,67.94920923211866,68.31399389886063,68.95560691987382,71.76637539028901,69.90346439001978,74.96831231386312,22.16265734048662,,,,,,,,,,,,,
1970-01-01 00:00:00.000000022,23.567617121533974,68.15288087446446,68.37340967567764,68.95607596002965,71.73852655500104,69.84594765785143,74.9428498950331,22.19686992875913,,,,,,,,,,,,,
1970-01-01 00:00:00.000000020,23.64786400015517,68.36117036119266,68.44803864226198,68.96541918936596,71.7132111495593,69.79062006917994,74.91696449962649,22.923629653700573,,,,,,,,,,,,,
1970-01-01 00:00:00.000000021,22.7185163607653,68.53284040272366,68.51817336286068,68.97538394934564,71.68839830796018,69.73716092153364,74.89067765461897,23.741783438034144,,,,,,,,,,,,,
1970-01-01 00:00:00.000000019,25.33591353017782,68.60298893594846,68.5513924270413,68.97178391481631,71.66048969861579,69.68457409115297,74.86390384461119,23.644135822768124,,,,,,,,,,,,,
1970-01-01 00:00:00.000000024,23.315041211546877,69.01687906379783,68.74421489505531,69.03847629365471,71.65065835410415,69.63520766142369,74.8368215009387,29.434365349437286,,,,,,,,,,,,,
1970-01-01 00:00:00.000000025,22.09918997669303,69.45045240875311,68.96608133992066,69.12264372482802,71.64602240817848,69.58935021363925,74.8096010807682,36.027600578439035,,,,,,,,,,,,,
1970-01-01 00:00:00.000000027,20.873967066122656,69.89641234204156,69.21282413403654,69.2229420915091,71.64636300188015,69.54837566434135,74.78233550652358,42.87697613362004,,,,,,,,,,,,,
1970-01-01 00:00:00.000000028,19.035809509006132,70.14063908994184,69.38598067471894,69.2972402871967,71.64110114197629,69.51056745622687,74.75493069383838,47.372117225202864,,,,,,,,,,,,,
1970-01-01 00:00:00.000000027,18.37085779780174,70.40488645505894,69.57469842388333,69.38212795889595,71.63931780638974,69.47590174409542,74.72754165563192,52.017934416041456,,,,,,,,,,,,,
1970-01-01 00:00:00.000000032,16.699773836303038,71.02276933250418,69.93102591646532,69.5433896405975,71.65777534903548,69.44878062479381,74.70064189080068,59.35789399423734,,,,,,,,,,,,,
1970-01-01 00:00:00.000000032,15.677828464371991,71.38438062713617,70.19464408821065,69.67230870589422,71.66944749288253,69.42807170921711,74.67425746194284,64.08755822252365,,,,,,,,,,,,,
1970-01-01 00:00:00.000000031,14.693104963946894,71.81476158178707,70.4984296620452,69.82383720371762,71.68802299444977,69.41324685765507,74.6484469654662,68.6984210689713,,,,,,,,,,,,,
1970-01-01 00:00:00.000000030,13.20448308744518,72.44797320585934,70.90591966569094,70.02607181149922,71.72078714079503,69.40566281101027,74.62329258147919,73.57483742772683,,,,,,,,,,,,,
1970-01-01 00:00:00.000000029,12.564728489991564,72.85879818138669,71.2328449764005,70.20160225353831,71.7484618765433,69.40549010067693,74.5986586255455,76.9337127485896,,,,,,,,,,,,,
1970-01-01 00:00:00.000000028,11.580674308143452,73.0766000075117,71.47965973418334,70.3485122558314,71.77034591072707,69.41212191792214,74.57460099613077,79.30471139069957,,,,,,,,,,,,,
1970-01-01 00:00:00.000000021,32.21691940873644,72.4462760387242,71.33832522776433,70.33190315417426,71.7519840624967,69.4218925442069,74.55025682808038,78.3244755765731,,,,,,,,,,,,,
1970-01-01 00:00:00.000000020,30.399765091057247,72.19061000334266,71.32283619449633,70.36468914270924,71.74617273711681,69.43543638912428,74.52592450467839,78.87943836362369,,,,,,,,,,,,,
1970-01-01 00:00:00.000000019,29.136860258393313,71.99615255345537,71.3133349726245,70.39816497059932,71.7409204984779,69.45168988416627,74.50165687444097,79.4577604328067,,,,,,,,,,,,,
1970-01-01 00:00:00.000000020,27.288392802116483,72.05390904227602,71.4016622476185,70.47215595204871,71.74633357807075,69.47318815468802,74.477710404862,80.71472295826888,,,,,,,,,,,,,
1970-01-01 00:00:00.000000022,25.804222493254112,72.23616770012941,71.543802255248,70.56992247673476,71.75846162536898,69.49985726939963,74.45425254015717,82.25940400910656,,,,,,,,,,,,,
1970-01-01 00:00:00.000000021,24.92702382956788,72.19552748285744,71.58827174238631,70.62729675661848,71.7611930182884,69.53101359479159,74.43094298167966,83.11416975399133,,,,,,,,,,,,,
1970-01-01 00:00:00.000000020,23.67667033103852,72.12438310689143,71.61113845699003,70.67484612314432,71.76197523306192,69.5654008874227,74.40767369606783,83.81036051041416,,,,,,,,,,,,,
1970-01-01 00:00:00.000000019,24.619944318612333,71.94821406607956,71.57772022479385,70.69714776156344,71.75681665266163,69.60167388178465,74.38414281102486,84.14063002083296,,,,,,,,,,,,,
1970-01-01 00:00:00.000000017,27.84798001798861,71.89797707561756,71.588566487428,70.73635879498329,71.75622175177713,69.63911307430351,74.36039480692634,84.73044250115782,,,,,,,,,,,,,
1970-01-01 00:00:00.000000023,25.353841056766537,72.18464752963467,71.74699947454391,70.8381223459919,71.77189446415451,69.67654370698823,74.3368117363932,86.16816921560684,,,,,,,,,,,,,
1970-01-01 00:00:00.000000022,24.19505519999384,72.30220715944994,71.84022185674091,70.91397816296129,71.78185019763269,69.7134289822082,74.31323089789805,87.1401696320316,,,,,,,,,,,,,
1970-01-01 00:00:00.000000020,30.03305587623114,71.94746030763808,71.72097195161815,70.89886030952714,71.76937878173975,69.74744405323757,74.28900630834472,85.84540813123392,,,,,,,,,,,,,
1970-01-01 00:00:00.000000018,28.316202545012192,71.80930796779016,71.67876528405272,70.91289318399268,71.76427748648263,69.77937801590743,74.26452638102822,86.05256856155293,,,,,,,,,,,,,
1970-01-01 00:00:00.000000018,29.37981066025226,71.61580574923214,71.60267724686611,70.91010509344395,71.75509857492558,69.8083218039344,74.23987741715561,85.78393496033803,,,,,,,,,,,,,
1970-01-01 00:00:00.000000017,29.488956014464986,71.34075861305759,71.47884932154732,70.88384881795044,71.74002863953687,69.83562715100744,74.2149803331038,83.15138328857132,,,,,,,,,,,,,
1970-01-01 00:00:00.000000016,32.745874153238525,70.82943062091482,71.23387380616518,70.80150645851488,71.71061659986331,69.85948482960804,74.18940967990778,75.34255041804927,,,,,,,,,,,,,
1970-01-01 00:00:00.000000015,34.89962760193376,70.47456134243498,71.03580202637885,70.7330193122404,71.68419339218822,69.87866168807278,74.16319835104531,69.49665554426551,,,,,,,,,,,,,
1970-01-01 00:00:00.000000014,33.69495467271393,70.0839703630105,70.80723879173645,70.64629723902755,71.65272486535363,69.89424027000499,74.13640038196972,62.84698129611125,,,,,,,,,,,,,
1970-01-01 00:00:00.000000013,36.835970349495426,69.51577095593575,70.48321465863647,70.5128335562279,71.60884674060023,69.90571455006835,74.10891032161507,54.244729514740605,,,,,,,,,,,,,
1970-01-01 00:00:00.000000013,38.85587308268424,69.00532306357672,70.16324346186411,70.37364524006762,71.56262469834691,69.91540418704484,74.08092572306641,47.016926278489045,,,,,,,,,,,,,
1970-01-01 00:00:00.000000016,35.71355013462853,68.88486758172075,70.003225479358,70.29636682493935,71.53118610089368,69.9244818567931,74.05265493913753,43.54754109084133,,,,,,,,,,,,,
1970-01-01 00:00:00.000000015,33.78272213883403,68.61745369672427,69.78000481366529,70.18857981834324,71.49155039995681,69.9323271165355,74.02425595989587,39.202400481090976,,,,,,,,,,,,,
1970-01-01 00:00:00.000000014,36.31357474599984,68.2070702571841,69.48778042142511,70.04649968817384,71.44253533626593,69.93832328812971,73.99558497808093,34.338613250020764,,,,,,,,,,,,,
1970-01-01 00:00:00.000000014,34.699016658263346,67.83812019500509,69.2036476509582,69.90202205123718,71.39198592940049,69.94195536161911,73.96666144174377,30.23119283322046,,,,,,,,,,,,,
1970-01-01 00:00:00.000000013,36.63768082686131,67.5395696423322,68.9438039946566,69.7625453994883,71.34177081997005,69.94361890676892,73.93753569526218,26.88752724601675,,,,,,,,,,,,,
1970-01-01 00:00:00.000000019,33.17066151975854,67.38202039892435,68.74453303380537,69.64447787108848,71.29609970161506,69.94506684098378,73.90807491958033,24.42482114523211,,,,,,,,,,,,,
1970-01-01 00:00:00.000000018,33.06345811878508,67.08493150468637,68.48562784234437,69.49750132429028,71.24237309689984,69.94503741815456,73.87816670168745,21.753680699559677,,,,,,,,,,,,,
1970-01-01 00:00:00.000000023,29.58774643880628,67.26895838734285,68.44194039467386,69.43897444561101,71.21016108516919,69.94502492256095,73.84824850123614,20.779172309143753,,,,,,,,,,,,,
1970-01-01 00:00:00.000000023,26.822347528279433,67.28916115567506,68.34448874324931,69.35783710378328,71.17195025077949,69.94468867071495,73.81810054182871,19.47655998857332,,,,,,,,,,,,,
1970-01-01 00:00:00.000000022,27.880037751615717,67.21895557248926,68.21663824293084,69.26294675617399,71.1298227183314,69.94463142528903,73.78756287544253,18.051338709747604,,,,,,,,,,,,,
1970-01-01 00:00:00.000000020,27.00564338990993,67.15093350096016,68.09502069492292,69.16945257808261,71.08752443471461,69.94565204973388,73.75651110096204,16.750717941214482,,,,,,,,,,,,,
1970-01-01 00:00:00.000000025,24.877994599627236,67.25402011619782,68.0560521387616,69.11050802902638,71.05348306299754,69.94729177552365,73.72518301769175,15.969492892725068,,,,,,,,,,,,,
1970-01-01 00:00:00.000000023,27.12686548073397,67.10107986248951,67.9136218395702,69.00771629642362,71.00806849369067,69.94855704400611,73.6932824813618,14.683410222386966,,,,,,,,,,,,,
1970-01-01 00:00:00.000000022,26.09701916121779,67.08542474204239,67.83263842326872,68.9298766087307,70.96841412320872,69.94832643617016,73.66104190803314,13.778496502297646,,,,,,,,,,,,,
1970-01-01 00:00:00.000000028,24.246401928437542,67.27443262810657,67.85062258227731,68.89460553279471,70.93918079036449,69.94710640842858,73.62857333591181,13.376227836835136,,,,,,,,,,,,,
1970-01-01 00:00:00.000000027,22.44905821669478,67.36805989643057,67.84079952659087,68.84942762836067,70.90737370757208,69.94497344179518,73.59581466449619,12.858390863814872,,,,,,,,,,,,,
1970-01-01 00:00:00.000000025,21.25684241279135,67.52086851040617,67.8672816574743,68.82129724945668,70.87975907333065,69.94209100299702,73.56289255337246,12.533041429393528,,,,,,,,,,,,,
1970-01-01 00:00:00.000000024,22.098832877131127,67.5719804528562,67.85902225430901,68.78032199350372,70.84888015939359,69.93818976388017,73.52991711336414,12.054580678611343,,,,,,,,,,,,,
1970-01-01 00:00:00.000000022,23.145236887829498,67.39948194529278,67.75451913255719,68.69911281395609,70.8076921768627,69.93273634186298,73.4965839749894,11.146360670878732,,,,,,,,,,,,,
1970-01-01 00:00:00.000000021,24.405699222883595,67.35970701619516,67.70416351139787,68.6403478918325,70.77180078505118,69.92477377382653,73.46281705201403,10.528214199131773,,,,,,,,,,,,,
1970-01-01 00:00:00.000000024,22.639720857209063,67.41087504899129,67.69610748128676,68.60015962863028,70.74039527654496,69.91432409190256,73.42864501660479,10.115077958222685,,,,,,,,,,,,,
1970-01-01 00:00:00.000000023,21.501139414949268,67.33834206800162,67.6372077233555,68.53929886452882,70.70365711602255,69.90065122736296,73.39398386131806,9.506676635826755,,,,,,,,,,,,,
1970-01-01 00:00:00.000000022,19.76889552305813,67.50216932090521,67.68450505146131,68.52432551033237,70.6783220037489,69.88519293182567,73.3591561823622,9.35755194966922,,,,,,,,,,,,,
1970-01-01 00:00:00.000000023,18.879891675474425,67.66032920672417,67.73981993314665,68.5152526962017,70.65458714550265,69.8678554265718,73.32418210835091,9.262738959139956,,,,,,,,,,,,,
1970-01-01 00:00:00.000000024,18.015498435049192,67.78685711537935,67.79010618922422,68.5065356787036,70.63108845500014,69.84711834733392,73.28903333820759,9.166638318785314,,,,,,,,,,,,,
1970-01-01 00:00:00.000000023,17.16143901472477,67.94227560929566,67.86045558883664,68.50878720443919,70.6105199090296,69.82384791730482,73.2539335725929,9.428019551426965,,,,,,,,,,,,,
1970-01-01 00:00:00.000000024,16.29121369642435,68.19531981604982,67.98291386649389,68.53618757458143,70.59655947852251,69.7980949247221,73.21885956934281,12.719639920158519,,,,,,,,,,,,,
1970-01-01 00:00:00.000000027,14.994146245363448,68.62299779619923,68.1966225801578,68.60667863898205,70.59394405800782,69.76970706127175,73.18387229278747,20.70382236488538,,,,,,,,,,,,,
1970-01-01 00:00:00.000000033,12.899482694366643,69.34449809047501,68.56333864265055,68.74878925186817,70.61022818944633,69.74065080123835,73.14930945958929,33.8429664187105,,,,,,,,,,,,,
1970-01-01 00:00:00.000000036,11.348311144249749,70.21807283761439,69.03143256842522,68.94343954889969,70.64109529030928,69.71254934709971,73.11535908117513,46.836845116204216,,,,,,,,,,,,,
1970-01-01 00:00:00.000000040,9.958226014775416,71.15064845563839,69.56320696472605,69.1762831323834,70.68328290859212,69.68943694666389,73.0821906106839,57.57201809182377,,,,,,,,,,,,,
1970-01-01 00:00:00.000000038,9.37699789964784,71.92719143296775,70.06049390814051,69.40597255237955,70.72656729101693,69.67026261485731,73.04965252198679,65.06593431271511,,,,,,,,,,,,,
1970-01-01 00:00:00.000000036,8.85939758168296,72.67882895203826,70.57184710088413,69.65222378673018,70.77590870133837,69.65534379117992,73.01803435048582,70.98327937423993,,,,,,,,,,,,,
1970-01-01 00:00:00.000000035,8.381760436464365,73.35465373780248,71.07058398997279,69.90342884924505,70.82846635486594,69.64396924912384,72.98735848609432,75.53572500106009,,,,,,,,,,,,,
1970-01-01 00:00:00.000000037,7.632553915250289,74.0070933515701,71.5747901551244,70.16670033777037,70.88606223000798,69.63590480634456,72.95769108012755,79.21603906540682,,,,,,,,,,,,,
1970-01-01 00:00:00.000000034,8.820767351317606,74.31734612900999,71.93693261727395,70.37813786329974,70.9325527276076,69.63092162847818,72.92873478645915,81.60892778866993,,,,,,,,,,,,,
1970-01-01 00:00:00.000000032,8.325888425743514,74.5841762806494,72.27462027817695,70.58493625639414,70.97950739586233,69.62912343114319,72.90050591945392,83.59796004714003,,,,,,,,,,,,,
1970-01-01 00:00:00.000000032,7.671867083240022,74.83151643955858,72.59700725972408,70.79026726889616,71.02768022849251,69.63098582128983,72.87293135801706,85.29815488209002,,,,,,,,,,,,,
1970-01-01 00:00:00.000000033,7.001905099145259,75.36471266336562,73.04250637780314,71.05329590770783,71.09205652033432,69.63732456354433,72.84648439054939,87.13748578265314,,,,,,,,,,,,,
1970-01-01 00:00:00.000000033,6.748582928424834,75.75062480598547,73.42903065040875,71.2980401221689,71.15377012089284,69.64652291906786,72.8210971630121,88.57037931283325,,,,,,,,,,,,,
1970-01-01 00:00:00.000000030,9.82879711597693,75.95774014019854,73.73422799828529,71.51326213608584,71.20981421398895,69.65850859853035,72.7965782442528,89.66111767137403,,,,,,,,,,,,,
1970-01-01 00:00:00.000000029,9.325659150801028,76.07601266879946,73.99012570600509,71.71074608303162,71.26294146343388,69.67474631400044,72.77284384976622,90.55207142341834,,,,,,,,,,,,,
1970-01-01 00:00:00.000000030,8.294207960826123,76.47547077957083,74.36132366206428,71.96025812772278,71.33070625705798,69.69569361287503,72.75020746414353,91.54361277343762,,,,,,,,,,,,,
1970-01-01 00:00:00.000000029,8.034405793838195,76.74084262707464,74.67414242161206,72.18935898612933,71.39510052332696,69.72127869072875,72.72849670997633,92.33866982298889,,,,,,,,,,,,,
1970-01-01 00:00:00.000000034,7.190112597100785,77.24273818857378,75.09015860460826,72.4662594350878,71.47326191547864,69.7529269030715,72.7078846445616,93.1740054341734,,,,,,,,,,,,,
1970-01-01 00:00:00.000000031,6.684000305492377,77.4647426138473,75.38675876009309,72.69710260684677,71.54171463587132,69.79083882603814,72.68810518383953,93.78261992721295,,,,,,,,,,,,,
1970-01-01 00:00:00.000000027,12.357642515131618,77.26806484303097,75.48626739642695,72.84550461284358,71.59086527392002,69.83308853205021,72.66870199841586,94.14409456304664,,,,,,,,,,,,,
1970-01-01 00:00:00.000000025,15.95169503343946,77.14798306338962,75.59366635537215,72.99539290037224,71.64138060397877,69.8800704452771,72.6494342719406,94.4923888057555,,,,,,,,,,,,,
1970-01-01 00:00:00.000000023,14.932666677804566,76.94861106008669,75.64434423641787,73.11914702376451,71.68625366311207,69.93219671462784,72.63008032416523,94.76902654125719,,,,,,,,,,,,,
1970-01-01 00:00:00.000000022,14.148982468810802,77.00927794719045,75.79048980543492,73.28121755207201,71.74163368134583,69.99034816086791,72.61065676508889,95.11507364638261,,,,,,,,,,,,,
1970-01-01 00:00:00.000000024,13.309746496996622,77.00022631283049,75.89717434815816,73.42564116867274,71.7935977220826,70.05293364774258,72.59098343451598,95.40668080542632,,,,,,,,,,,,,
1970-01-01 00:00:00.000000022,13.939500365929852,76.8676630448933,75.93719576861146,73.53982818061282,71.83880978428222,70.11995861498798,72.57084028067722,95.62885740280595,,,,,,,,,,,,,
1970-01-01 00:00:00.000000022,12.62905696963311,76.8564488563248,76.01668634437867,73.66813264812019,71.88829020535455,70.1923912741869,72.55018146906494,95.8705554163761,,,,,,,,,,,,,
1970-01-01 00:00:00.000000021,12.37153109932148,76.88304574277468,76.10511788476008,73.79837973205957,71.93904784797365,70.27031842780335,72.52886920033635,96.10594697329472,,,,,,,,,,,,,
1970-01-01 00:00:00.000000028,10.641233003040613,76.91798139402444,76.1917184406022,73.92619715429345,71.98997994897913,70.35359146289946,72.50700408972912,96.3272067404423,,,,,,,,,,,,,
1970-01-01 00:00:00.000000026,11.936567177589524,77.03642674119611,76.3115811396277,74.06674660431656,72.04490759257021,70.44203683756402,72.4846300801894,96.5587542214787,,,,,,,,,,,,,
1970-01-01 00:00:00.000000028,11.117247533190342,77.1926469471561,76.44848537884302,74.2138360618334,72.10234659932073,70.53636353231487,72.46172688871776,96.78704349373498,,,,,,,,,,,,,
1970-01-01 00:00:00.000000025,16.52904259172907,77.05979993077176,76.4557514230604,74.30460374039815,72.14638704972784,70.63367611821063,72.43785339746552,96.92270998860766,,,,,,,,,,,,,
1970-01-01 00:00:00.000000024,15.812411240372308,76.99279691483225,76.4802090074253,74.39951280356192,72.19194324675615,70.7345096322062,72.4130667099474,97.06238655391597,,,,,,,,,,,,,
1970-01-01 00:00:00.000000023,18.895300268861785,76.82649918958064,76.45121803298429,74.46860282258201,72.23143941632648,70.83862275353435,72.38729215218115,97.16332508877181,,,,,,,,,,,,,
1970-01-01 00:00:00.000000021,22.282190459552847,76.27000977646921,76.2323847685333,74.45195377557972,72.24947536366675,70.94427277748429,72.36037214788753,96.30457260164883,,,,,,,,,,,,,
1970-01-01 00:00:00.000000018,27.865172060837754,75.38087903699568,75.83165488767587,74.34891072865902,72.24524532103426,71.04904083147694,72.33203794669774,90.94700060390805,,,,,,,,,,,,,
1970-01-01 00:00:00.000000017,32.6467198138553,74.38272294395202,75.3369679498669,74.19366319309503,72.22678614939987,71.15275976941038,72.30204270826283,83.41745529093669,,,,,,,,,,,,,
1970-01-01 00:00:00.000000016,34.361054564380076,73.59102179998584,74.89035424752637,74.04584178254704,72.20885014019312,71.2550790728867,72.270492539651,76.88994962461395,,,,,,,,,,,,,
1970-01-01 00:00:00.000000019,32.71178707874642,73.11474859233243,74.55574529427113,73.93461880133809,72.1989079075715,71.35587933825757,72.23750776024607,72.30533797463681,,,,,,,,,,,,,
1970-01-01 00:00:00.000000021,30.881117690397364,72.97448320003782,74.36098859759734,73.87496401033893,72.20104237247983,71.45639006589714,72.20333170055281,69.89802068290828,,,,,,,,,,,,,
1970-01-01 00:00:00.000000022,29.514480917108425,72.9561826293662,74.22662421115028,73.83606269019543,72.20782782495944,71.55668537471192,72.16817333073156,68.301060397864,,,,,,,,,,,,,
1970-01-01 00:00:00.000000021,28.692661309325963,72.86470654050468,74.06954948150558,73.7836211017587,72.21072309222411,71.65675135687701,72.13182283745213,66.1083477467359,,,,,,,,,,,,,
1970-01-01 00:00:00.000000020,27.818678843515382,72.78640176804828,73.92442522666167,73.73223135965925,72.21333463039326,71.75741372779108,72.09417342534917,63.942011559419896,,,,,,,,,,,,,
1970-01-01 00:00:00.000000023,26.08008008304792,72.77839662195815,73.81732984583766,73.69357036663723,72.21863852499231,71.85847817728717,72.05523656750265,62.2883092084857,,,,,,,,,,,,,
1970-01-01 00:00:00.000000021,26.238638386033426,72.88468476582824,73.77119416360775,73.67852201270277,72.22949622465715,71.96004542496863,72.01530870122119,61.62028009049457,,,,,,,,,,,,,
1970-01-01 00:00:00.000000020,24.600372155659866,72.77677247086572,73.64155135700847,73.62623186675425,72.23064674273037,72.06178408501313,71.97442232726402,59.24267853188998,,,,,,,,,,,,,
1970-01-01 00:00:00.000000018,28.284212239266427,72.45994184143868,73.41892117216501,73.53079608075332,72.22031811169555,72.16191349642155,71.93249840466045,55.06650080373563,,,,,,,,,,,,,
1970-01-01 00:00:00.000000017,26.855797759620465,72.28330839258454,73.25145330171074,73.45416778727939,72.21391469364055,72.2606917982431,71.88992551001563,51.9027845373561,,,,,,,,,,,,,
1970-01-01 00:00:00.000000016,25.827073963924335,72.08223906025904,73.07204497709677,73.36882637330596,72.20460172883773,72.35793761213513,71.84697570815587,48.55686098131093,,,,,,,,,,,,,
1970-01-01 00:00:00.000000016,24.774492273248967,71.94016716373459,72.91748448623676,73.29051473426011,72.19631593628847,72.45357216273156,71.8038029698317,45.64878504579037,,,,,,,,,,,,,
1970-01-01 00:00:00.000000014,25.449388592722872,71.63527124319471,72.69004840212752,73.17777641374148,72.17859824101232,72.54640393951476,71.76113764223993,41.77037728225146,,,,,,,,,,,,,
1970-01-01 00:00:00.000000014,25.760357001277956,71.43916944816905,72.50502238994014,73.07883468253854,72.16343569401783,72.6358470603859,71.71943105273377,38.665526055367486,,,,,,,,,,,,,
1970-01-01 00:00:00.000000019,23.34658181560349,71.18837321722665,72.29412838116895,72.96535835355496,72.14375164028091,72.72017844241962,71.67760200579059,35.41420161462138,,,,,,,,,,,,,
1970-01-01 00:00:00.000000017,21.25681914688972,71.34289217729695,72.26384107538796,72.92597049724215,72.14193289776645,72.79982906138648,71.63594474045192,34.33496964000615,,,,,,,,,,,,,
1970-01-01 00:00:00.000000017,19.41798436490553,71.21721535316568,72.1229926191382,72.83924647996366,72.12772966551644,72.87308832833808,71.59349488307058,32.021117722925396,,,,,,,,,,,,,
1970-01-01 00:00:00.000000016,17.98308891512173,71.29254211895834,72.07488867031917,72.79040737024465,72.12241742190065,72.9407770246954,71.55062403800478,30.763780890776328,,,,,,,,,,,,,
1970-01-01 00:00:00.000000015,18.921976413320873,71.25547839731512,71.98691911035762,72.72440016006809,72.11231598994883,73.00222055216214,71.50743120029806,29.10065096979191,,,,,,,,,,,,,
1970-01-01 00:00:00.000000013,23.81816204107376,71.02605477595756,71.81614103582758,72.62181036126258,72.09237613224315,73.0565881824025,71.46418034227976,26.685933363810125,,,,,,,,,,,,,
1970-01-01 00:00:00.000000013,22.695279466839487,70.71957581539496,71.60500639376549,72.49913779702266,72.06651826001331,73.10323693158753,71.42079238148729,24.109709649991768,,,,,,,,,,,,,
1970-01-01 00:00:00.000000013,21.30342472867263,70.3565764848355,71.35951300911387,72.35817471331971,72.03505617944201,73.14283766858794,71.37797324644932,21.53679763356548,,,,,,,,,,,,,
1970-01-01 00:00:00.000000012,21.46671060179397,70.1874096253684,71.1914429344217,72.24651069269933,72.00993862728339,73.17606915731405,71.3369913488009,19.739721301293322,,,,,,,,,,,,,
1970-01-01 00:00:00.000000013,20.384128817995773,70.0281701929705,71.02778561887236,72.13453821311813,71.98388165052812,73.20295457619848,71.29710978017044,18.108025443575578,,,,,,,,,,,,,
1970-01-01 00:00:00.000000013,19.399089746023986,69.88370711384907,70.87124645328062,72.02360945171598,71.9572346171633,73.22236084707865,71.25905370034887,16.640510937532355,,,,,,,,,,,,,
1970-01-01 00:00:00.000000013,18.82827785793712,69.8244812550441,70.75454930478458,71.92807879948494,71.93365594256291,73.23496162062497,71.22124972160104,15.47722204206297,,,,,,,,,,,,,
1970-01-01 00:00:00.000000019,17.25324893375237,70.07761173743373,70.78505697407617,71.89521820605385,71.92526268608957,73.24260074202434,71.18445915625702,15.086536082469834,,,,,,,,,,,,,
1970-01-01 00:00:00.000000017,16.556686529507513,69.98472885527902,70.67852427885653,71.80572719117568,71.90225706062262,73.24450036418722,71.14957185796358,14.046626589678851,,,,,,,,,,,,,
1970-01-01 00:00:00.000000016,16.82227382125759,69.8916374543404,70.57313769446829,71.71606227585843,71.87854576500037,73.23961644714993,71.11802243487536,13.074216467615427,,,,,,,,,,,,,
1970-01-01 00:00:00.000000018,15.30586434284061,69.92815371347233,70.52778142678935,71.65167625523654,71.86059226236355,73.22886279253207,71.09002546012955,12.4098645399675,,,,,,,,,,,,,
1970-01-01 00:00:00.000000016,16.7602272760401,69.58342873249661,70.31657664331702,71.51649400242702,71.82421352153003,73.20986748387885,71.06474043055441,11.130986941243581,,,,,,,,,,,,,
1970-01-01 00:00:00.000000015,21.01064188696088,69.1864207203723,70.0694686459132,71.36284281299362,71.78216551307575,73.18318228800179,71.04173976119813,9.884169028489906,,,,,,,,,,,,,
1970-01-01 00:00:00.000000014,23.06479612012816,68.800517496708,69.81378100556208,71.20182562825076,71.73713804132426,73.15030870830994,71.01947798186781,8.774909899473725,,,,,,,,,,,,,
1970-01-01 00:00:00.000000013,25.38784569307948,68.33129381914375,69.50838265131887,71.0156520392561,71.68457347483235,73.11071389108761,70.99750761876267,7.6990395822761,,,,,,,,,,,,,
1970-01-01 00:00:00.000000013,24.19448317590644,68.00884456459235,69.25480673268866,70.84715774541809,71.63516525663886,73.06527410552067,70.97581854378444,6.87721069963851,,,,,,,,,,,,,
1970-01-01 00:00:00.000000014,22.249098240714144,67.8669938645645,69.07705985375816,70.70803748341946,71.59202521492557,73.01381050414763,70.95512233739738,6.28104545161696,,,,,,,,,,,,,
1970-01-01 00:00:00.000000018,19.01644880268579,68.03353802378051,69.04275574529328,70.62927972566358,71.56324600543024,72.95788327528744,70.93653757362517,5.965757371224981,,,,,,,,,,,,,
1970-01-01 00:00:00.000000019,17.688259925410943,68.20774625154394,69.03019423777549,70.56164440946492,71.53679160898415,72.8983195998645,70.91965929288075,5.701091179714247,,,,,,,,,,,,,
1970-01-01 00:00:00.000000018,16.652623526413347,68.35394571949688,69.02188054264214,70.49800124012546,71.51094038492768,72.83491697170459,70.90512744963206,5.455814945314599,,,,,,,,,,,,,
1970-01-01 00:00:00.000000019,15.772362631661142,68.50846938077329,69.03139722293639,70.44421938858638,71.4872152470267,72.76783376483513,70.89189289599108,5.25025134650498,,,,,,,,,,,,,
1970-01-01 00:00:00.000000021,14.693292941758791,68.82161925461864,69.12619917994218,70.42970955962221,71.47315558038962,72.6979040129417,70.88006445753865,5.193398857065634,,,,,,,,,,,,,
1970-01-01 00:00:00.000000022,13.65175164024726,69.15921801111679,69.25196407604828,70.43284302932759,71.46356809239678,72.62522594144193,70.86892975008301,5.431555952616424,,,,,,,,,,,,,
1970-01-01 00:00:00.000000020,14.99168362297232,69.29781966035829,69.30653336525518,70.41007374415099,71.44753484030652,72.54915069508829,70.85784140193283,5.326842286164474,,,,,,,,,,,,,
1970-01-01 00:00:00.000000018,16.138919058801882,69.17307475904835,69.2490389823964,70.34199615237286,71.4199384255155,72.46989854332777,70.84702521432209,5.015503574465068,,,,,,,,,,,,,
1970-01-01 00:00:00.000000017,14.983506577111267,69.09376528819571,69.20608338443174,70.28060522109492,71.39363582829431,72.38752039167844,70.83604176625114,4.74611083779514,,,,,,,,,,,,,
1970-01-01 00:00:00.000000016,16.662042001185558,69.0900818106347,69.194198340428,70.23334022812612,71.37056828672313,72.30281513978932,70.82538708749172,4.543759208440876,,,,,,,,,,,,,
1970-01-01 00:00:00.000000015,15.52335657313758,69.13323640798042,69.20434892742212,70.19696825044915,71.35002387389368,72.2177154292867,70.81502166901443,4.388693391413018,,,,,,,,,,,,,
1970-01-01 00:00:00.000000019,14.196329840619477,69.32655372599372,69.28575566111527,70.19315863270788,71.33758406418376,72.13460038736768,70.8047095653836,4.3718640708866285,,,,,,,,,,,,,
1970-01-01 00:00:00.000000018,13.467035368222763,69.33948547347076,69.29534264313924,70.16170976332243,71.31821718258371,72.05396131877222,70.79487608599855,4.2277363378720905,,,,,,,,,,,,,
1970-01-01 00:00:00.000000017,13.239009640534196,69.50862603746802,69.37623770225903,70.16263048999438,71.30694326328891,71.97629709292117,70.78572995337035,4.327180627148052,,,,,,,,,,,,,
1970-01-01 00:00:00.000000019,12.78666849251131,69.64052509755254,69.44822712368008,70.16284581736286,71.29561170184216,71.90086163324168,70.7768279424869,4.352193772189516,,,,,,,,,,,,,
1970-01-01 00:00:00.000000017,18.434069645895992,69.5394372899561,69.41975975421556,70.1225415131357,71.27411393425737,71.82581318329761,70.76828108721034,4.134312497148309,,,,,,,,,,,,,
1970-01-01 00:00:00.000000016,20.108031679953505,69.38964004192582,69.36254987199639,70.07030267143645,71.24940087073048,71.75049798292243,70.75997360745282,3.8642852110732124,,,,,,,,,,,,,
1970-01-01 00:00:00.000000015,19.22050633408824,69.2991006443805,69.32385834310574,70.02585719625068,71.22639134021773,71.67534270481227,70.75186118677577,3.6460875255429444,,,,,,,,,,,,,
1970-01-01 00:00:00.000000014,20.926116040449955,69.04400463659816,69.20565491241146,69.94733811425924,71.19452297469785,71.59964483990426,70.74359225017781,3.2923954698716646,,,,,,,,,,,,,
1970-01-01 00:00:00.000000013,22.496464824501036,68.7813417097668,69.07156719332328,69.86041073732521,71.16005697497391,71.52298164731802,70.73536031496386,2.9510875583829903,,,,,,,,,,,,,
1970-01-01 00:00:00.000000013,22.830899613056484,68.4988374058994,68.91677201124203,69.76270130411362,71.12233322587397,71.44466523314624,70.72709624091416,2.6220537308988154,,,,,,,,,,,,,
1970-01-01 00:00:00.000000015,21.57919137108042,68.32453074014921,68.79954765359716,69.6789602363895,71.08755681643392,71.36571980053895,70.7191326943141,2.377402271439582,,,,,,,,,,,,,
1970-01-01 00:00:00.000000019,19.40613763128974,68.52800685530296,68.84885344108086,69.66574263166513,71.07018720946361,71.28841873155717,70.71152315400782,2.340285178403685,,,,,,,,,,,,,
1970-01-01 00:00:00.000000018,17.85690280828129,68.4495356111955,68.78401682232493,69.60573902394358,71.04098784056114,71.21145015629047,70.70397478130019,2.1743245970435745,,,,,,,,,,,,,
1970-01-01 00:00:00.000000015,28.823599919571716,67.98869343036266,68.54413572093459,69.47003650171173,70.99227477455588,71.13347435885858,70.69682773578036,1.8540937932981048,,,,,,,,,,,,,
1970-01-01 00:00:00.000000014,26.472613228063565,67.84748550600888,68.42945554708542,69.38425678825612,70.95536312315328,71.0553491999385,70.690210247298,1.685144199779718,,,,,,,,,,,,,
1970-01-01 00:00:00.000000013,25.30606046872546,67.56392285304929,68.2476570647332,69.26839072758769,70.9103313730842,70.97716148621542,70.68372680202683,1.487919533348564,,,,,,,,,,,,,
1970-01-01 00:00:00.000000012,27.42677570543741,67.19921567501756,68.01972341911114,69.13003763877605,70.85888914014696,70.89818554534018,70.67735061950202,1.2932788437164136,,,,,,,,,,,,,
1970-01-01 00:00:00.000000010,28.3946728381851,66.65758420993592,67.69893568552007,68.94811688233814,70.7955276397436,70.81784071591585,70.67104001506269,1.091154542477985,,,,,,,,,,,,,
1970-01-01 00:00:00.000000010,25.432377107752515,66.54479600564406,67.55300000397065,68.83617673748083,70.74874271983049,70.73604484072061,70.66513629178223,0.9887538612906208,,,,,,,,,,,,,
1970-01-01 00:00:00.000000010,24.187284233236795,66.40976105988635,67.39996557423291,68.719841229221,70.70019424776109,70.65365673570577,70.65951863872866,0.894772776572568,,,,,,,,,,,,,
1970-01-01 00:00:00.000000009,26.42045055944541,66.27933167505752,67.25066089800647,68.60367546084929,70.65101434614897,70.56992209751785,70.65409953154871,0.8117971840327625,,,,,,,,,,,,,
1970-01-01 00:00:00.000000015,24.42191209972615,66.33524512520226,67.187773445986,68.52348814574859,70.61029677977716,70.48590385723146,70.64878952118494,0.7594437246140304,,,,,,,,,,,,,
1970-01-01 00:00:00.000000018,22.48574625448744,66.6643096865876,67.25984567199899,68.5021971569792,70.58413032358166,70.4035115931458,70.64431429484004,0.7456927771680597,,,,,,,,,,,,,
1970-01-01 00:00:00.000000023,20.54271978080076,67.2015466262232,67.44990464588686,68.53546371493161,70.57185533911583,70.32423811150399,70.64080927970892,3.680292677939245,,,,,,,,,,,,,
1970-01-01 00:00:00.000000023,19.832258979335972,67.65029369746294,67.63130258557186,68.57114286267633,70.5606456539746,70.2484974744911,70.6383175915872,6.860990696267728,,,,,,,,,,,,,
1970-01-01 00:00:00.000000024,18.870897857891805,68.11268033150552,67.84320479303585,68.62569517659787,70.55469123819054,70.17608116416908,70.63666866001226,11.66415706420948,,,,,,,,,,,,,
1970-01-01 00:00:00.000000022,19.133426269977612,68.27580710700128,67.94185110357662,68.63756258963264,70.53850838217855,70.10614165169937,70.6354389827431,12.718653263704114,,,,,,,,,,,,,
1970-01-01 00:00:00.000000020,18.92824865683983,68.58552147905806,68.11299000027739,68.6841044083641,70.53140261685623,70.03935155083232,70.6345375089397,16.907935191866006,,,,,,,,,,,,,
1970-01-01 00:00:00.000000023,17.918254049286897,69.04697248109801,68.36569786291197,68.7707189997717,70.53499837678062,69.97620435483806,70.63355815037978,24.199528698226725,,,,,,,,,,,,,
1970-01-01 00:00:00.000000026,16.622469360865058,69.62636582667528,68.69099253073674,68.89515900797612,70.54901768854384,69.9162031708765,70.63268537340986,33.26095457765306,,,,,,,,,,,,,
1970-01-01 00:00:00.000000025,15.427828879515165,69.85207532735585,68.87862169431322,68.96809055001934,70.55106640139493,69.85945043805339,70.63153529236965,37.943198881166104,,,,,,,,,,,,,
1970-01-01 00:00:00.000000023,17.54342151764842,70.11535777165031,69.08679131745095,69.054380628404,70.55720989539925,69.8062168051043,70.63022622025917,43.035440191093066,,,,,,,,,,,,,
1970-01-01 00:00:00.000000027,15.982694570290793,70.51036940823822,69.35984810264539,69.17344083727404,70.57246567708275,69.75665209674504,70.62877884598507,49.226273238683774,,,,,,,,,,,,,
1970-01-01 00:00:00.000000027,15.172162070300432,70.81948479661011,69.60494794332287,69.28648026914948,70.58722667880429,69.71205182207949,70.62761834000932,54.30401277887982,,,,,,,,,,,,,
1970-01-01 00:00:00.000000028,14.114618584003262,71.2408203812334,69.90687655935956,69.42921291427015,70.61049967423635,69.67337922410503,70.62672129193825,59.77433205126353,,,,,,,,,,,,,
1970-01-01 00:00:00.000000027,13.12357119545744,71.63820073858048,70.20877161468766,69.57817406147402,70.63654168909936,69.64090619276949,70.6257412803006,64.54468328633253,,,,,,,,,,,,,
1970-01-01 00:00:00.000000027,12.288930999617683,71.90957792484876,70.46207298334532,69.71217063435432,70.66000979836127,69.61483656467145,70.62496529276028,68.19814764859564,,,,,,,,,,,,,
1970-01-01 00:00:00.000000026,14.407779428257069,72.17320677347276,70.71349563649291,69.85003540037842,70.6855591751733,69.59489411777066,70.62451987199688,71.45701831823135,,,,,,,,,,,,,
1970-01-01 00:00:00.000000028,13.259790228216108,72.53058202034072,71.0086399429765,70.01121373792485,70.71814150186623,69.58095764286077,70.62513012373029,74.71877053635345,,,,,,,,,,,,,
1970-01-01 00:00:00.000000026,14.414106931081628,72.6252041416632,71.19000836879256,70.12856585122007,70.7408833041059,69.57094336537189,70.62656053629875,76.79775200517302,,,,,,,,,,,,,
1970-01-01 00:00:00.000000024,13.817235186787808,72.69573521274462,71.35254028954508,70.24030285693969,70.76314177368765,69.5645165343214,70.62878046642734,78.60207730822164,,,,,,,,,,,,,
1970-01-01 00:00:00.000000025,13.041785394387045,72.89690799441445,71.56609109241313,70.3760399653379,70.79238015525388,69.56207730882565,70.63192721071171,80.57797944945774,,,,,,,,,,,,,
1970-01-01 00:00:00.000000028,12.14169419486228,73.18708663723078,71.81897383023885,70.53179530820685,70.82775747916673,69.56382882721805,70.6359840953689,82.56722907276496,,,,,,,,,,,,,
1970-01-01 00:00:00.000000027,11.50964199518255,73.50194439523385,72.08646488451222,70.69766119522801,70.86689795626205,69.56918785993017,70.64107556063506,84.39966049668787,,,,,,,,,,,,,
1970-01-01 00:00:00.000000028,11.04523632554226,73.74004733747614,72.3233734501425,70.85431993684438,70.9049632413385,69.5776173980805,70.64748675451757,85.90648561747035,,,,,,,,,,,,,
1970-01-01 00:00:00.000000027,11.905044013309375,73.82368917613326,72.49018100292606,70.98388607778232,70.9373343188452,69.58909364475313,70.6549113225777,87.02290616355042,,,,,,,,,,,,,
1970-01-01 00:00:00.000000025,12.27402265465008,73.85958458065271,72.62772511163556,71.10228921978029,70.96784010869482,69.60429950610128,70.66322477255015,87.96141897275892,,,,,,,,,,,,,
1970-01-01 00:00:00.000000024,12.11591441326759,73.90725384616279,72.7613801840508,71.21976536442432,70.99898529077947,69.62308270896787,70.67245035089186,88.82496002093914,,,,,,,,,,,,,
1970-01-01 00:00:00.000000022,14.544359371671806,74.06946152419586,72.93928127971236,71.35696249665584,71.03599332008842,69.64555515433847,70.68290611823778,89.74970910226872,,,,,,,,,,,,,
1970-01-01 00:00:00.000000021,13.740440444396633,74.25954108214965,73.12842473737167,71.50060550909933,71.07563377773894,69.67162789951146,70.69481703900408,90.6244800286616,,,,,,,,,,,,,
1970-01-01 00:00:00.000000024,12.981624966882835,74.5391209028291,73.35833523266032,71.6636186336659,71.12122389124947,69.70103709953064,70.70799252347473,91.509981961865,,,,,,,,,,,,,
1970-01-01 00:00:00.000000028,12.22771280962914,74.89030398544688,73.62530805841102,71.84524285649933,71.17270461189294,69.73470776139416,70.72249647339572,92.3741859067624,,,,,,,,,,,,,
1970-01-01 00:00:00.000000027,11.629127213619018,75.18848220202938,73.8758432411336,72.0231233353958,71.22453038757918,69.77191761830218,70.73790505507004,93.1135252160819,,,,,,,,,,,,,
1970-01-01 00:00:00.000000033,10.460920591445973,75.68378289297117,74.22031073346129,72.24437283819354,71.28861451961062,69.8135481587188,70.75434888466165,93.9050530809937,,,,,,,,,,,,,
1970-01-01 00:00:00.000000030,9.70914373977388,75.9438906332246,74.47158444807738,72.43025318156785,71.34528822184572,69.85970239208744,70.77171977076934,94.4791809225951,,,,,,,,,,,,,
1970-01-01 00:00:00.000000027,16.77812395598702,75.91072621507577,74.59035572938674,72.56154005846639,71.38939548871771,69.90952713982806,70.78970037511485,94.84829626282473,,,,,,,,,,,,,
1970-01-01 00:00:00.000000026,16.248778706848594,75.84111454139655,74.67874774004973,72.67923134427868,71.43092058680689,69.9625946227886,70.80821961208952,95.16065444546068,,,,,,,,,,,,,
1970-01-01 00:00:00.000000024,17.05480512803447,75.7681934519649,74.75127149952141,72.78892851094376,71.47117519882114,70.0194264307223,70.82730533507015,95.43828420564421,,,,,,,,,,,,,
1970-01-01 00:00:00.000000023,16.30139774776786,75.64092652670864,74.78587034735433,72.88080813112964,71.50759991152624,70.07983437859839,70.84651699425753,95.66272647893712,,,,,,,,,,,,,
1970-01-01 00:00:00.000000022,19.07264311159106,75.4581254376755,74.78051132318966,72.95320471742036,71.53963295799407,70.14364444686451,70.86566979922048,95.83655185406171,,,,,,,,,,,,,
1970-01-01 00:00:00.000000023,17.49013211312022,75.54623973002322,74.88216455739187,73.06871421475346,71.58300672855547,70.2114395264318,70.88489865983671,96.10478479430456,,,,,,,,,,,,,
1970-01-01 00:00:00.000000025,16.31980537061019,75.72356710140139,75.02313837825753,73.20064215091662,71.63126414008143,70.28213751681683,70.9044156691553,96.39079056266056,,,,,,,,,,,,,
1970-01-01 00:00:00.000000027,15.403618721995803,75.86026084664846,75.14894723729199,73.32638307941545,71.67878425637551,70.35655039792627,70.9241369447579,96.64373447154016,,,,,,,,,,,,,
1970-01-01 00:00:00.000000025,18.2371967964561,75.91792059138128,75.2398210857484,73.43705666729377,71.72325963263359,70.43589080123792,70.94360527989139,96.8528027369713,,,,,,,,,,,,,
1970-01-01 00:00:00.000000023,22.068255867864423,75.80723686373003,75.25115571005536,73.51264275693421,71.75949089950414,70.51845852061147,70.96280695014659,96.99067699278247,,,,,,,,,,,,,
1970-01-01 00:00:00.000000022,20.55634179262822,75.8306970227223,75.31237225084045,73.60722687072861,71.80093415083934,70.60523524347428,70.98172389848165,97.1584330147079,,,,,,,,,,,,,
1970-01-01 00:00:00.000000022,19.26721788574671,75.8164497080216,75.35301663251121,73.69162818753215,71.84032247221626,70.6964670544494,71.0000516803618,97.30291687987422,,,,,,,,,,,,,
1970-01-01 00:00:00.000000022,18.087798146294663,75.86934628985478,75.41919081293632,73.78532640045981,71.88251759803687,70.79321124481184,71.01797030109641,97.45747554576583,,,,,,,,,,,,,
1970-01-01 00:00:00.000000020,23.640508835607495,75.71181614321195,75.38850942600035,73.83616440658454,71.91435021454039,70.89321099819392,71.03540856185018,97.53985182640865,,,,,,,,,,,,,
1970-01-01 00:00:00.000000018,26.484327230005867,75.33728738722581,75.2476606021168,73.8362823656707,71.93350267373185,70.99553982092291,71.05293045790766,97.54005098118238,,,,,,,,,,,,,
1970-01-01 00:00:00.000000018,23.396265334273025,75.30528675792519,75.24126275108097,73.88887067449626,71.96577910723425,71.10124372519586,71.0705513655666,97.63208289208579,,,,,,,,,,,,,
1970-01-01 00:00:00.000000019,22.303884621234022,75.32139462850813,75.25440487469541,73.94757480925483,71.9998094256781,71.20972545846598,71.08829841475988,97.73399760097766,,,,,,,,,,,,,
1970-01-01 00:00:00.000000017,27.58486564484135,75.10662894743541,75.16287408819078,73.95933917842697,72.02217516495637,71.31886829889493,71.10573433089176,97.75485210968836,,,,,,,,,,,,,
1970-01-01 00:00:00.000000016,26.30999240625724,74.98694652953037,75.1033597945289,73.98086379330867,72.04691189821959,71.42777630046247,71.12278903747465,97.79484023880262,,,,,,,,,,,,,
1970-01-01 00:00:00.000000015,26.451382704544308,74.92074313671024,75.06268431915625,74.00733696084284,72.07287227301771,71.53650018242581,71.13968923849576,97.84566262471601,,,,,,,,,,,,,
1970-01-01 00:00:00.000000019,24.74088622498558,74.92687008309866,75.05256555092862,74.0443581729138,72.10151411974044,71.64487344235212,71.15653679874461,97.91792958897962,,,,,,,,,,,,,
1970-01-01 00:00:00.000000018,23.864132648674,74.99954660358831,75.07417347225756,74.09321678125235,72.13324286168877,71.75398652618452,71.17351714384304,98.01267748837175,,,,,,,,,,,,,
1970-01-01 00:00:00.000000019,22.97427742598166,75.04378401138628,75.08749712410487,74.13743312875532,72.16396416299115,71.86305310059234,71.19052251551192,98.09707363476856,,,,,,,,,,,,,
1970-01-01 00:00:00.000000018,26.129441798399444,74.9679556759059,75.04905577954845,74.15810799954862,72.18884653285178,71.97080088058787,71.2071224437797,98.13691476152472,,,,,,,,,,,,,
1970-01-01 00:00:00.000000017,25.35773691847091,74.87600791230676,74.99988860485406,74.17183775870005,72.21192484454392,72.07633445560236,71.22341174175838,98.16439956144842,,,,,,,,,,,,,
1970-01-01 00:00:00.000000016,25.16743970852585,74.76769628345869,74.9393941651461,74.17821470024383,72.23304449552424,72.18053693860685,71.23980851371198,98.1778451352314,,,,,,,,,,,,,
1970-01-01 00:00:00.000000018,23.82856030134248,74.75924827432554,74.91994526265945,74.19967515269674,72.25784461236273,72.2834428290927,71.25624242355549,98.22496660595152,,,,,,,,,,,,,
1970-01-01 00:00:00.000000017,27.01696642576893,74.59608727912841,74.83117235681222,74.18962684468275,72.27461673859136,72.38376654924087,71.27264003231168,96.9606155819754,,,,,,,,,,,,,
1970-01-01 00:00:00.000000016,25.679385427175752,74.56114106353711,74.7939163426631,74.19871427042742,72.29597733025884,72.48201122926643,71.28921435957407,96.99824723651955,,,,,,,,,,,,,
1970-01-01 00:00:00.000000017,23.45094123047516,74.5870506682125,74.78453204668591,74.21800740048572,72.319805307937,72.57778711899074,71.30629686428392,97.08088256312654,,,,,,,,,,,,,
1970-01-01 00:00:00.000000016,22.47373215800351,74.61994571035126,74.78153148597866,74.23892969375711,72.34400153252376,72.67100223163641,71.32382641619151,97.17180913565014,,,,,,,,,,,,,
1970-01-01 00:00:00.000000016,22.09376064832138,74.58369765714819,74.75036548219296,74.24676403691707,72.36484435751692,72.76169409968766,71.34182875018095,97.20689279194681,,,,,,,,,,,,,
1970-01-01 00:00:00.000000012,36.733697120176366,74.0854975544295,74.50875926958948,74.16229082541267,72.36213642503968,72.84793920818835,71.36007603652688,84.96774144519955,,,,,,,,,,,,,
1970-01-01 00:00:00.000000011,33.2984319720875,73.9441304654186,74.40602316411542,74.13156028752884,72.3722511084659,72.93034613918043,71.37886561176418,80.97351155446447,,,,,,,,,,,,,
1970-01-01 00:00:00.000000012,31.83135819782836,73.87969249489348,74.33474293217702,74.11157520224508,72.384685829902,73.01000632620092,71.39794165365072,78.39259161600063,,,,,,,,,,,,,
1970-01-01 00:00:00.000000012,30.52604139840841,73.83335757257494,74.27231338227918,74.0933964838551,72.39725629809503,73.08706819873923,71.41746573697827,76.01905484520604,,,,,,,,,,,,,
1970-01-01 00:00:00.000000012,29.577700596776108,73.86058864595059,74.24478606929499,74.08853830564327,72.41290064278516,73.16131816554534,71.43767593006561,75.36234997418948,,,,,,,,,,,,,
1970-01-01 00:00:00.000000014,28.34316738267713,73.9014897155886,74.22845042609913,74.08761892087846,72.42934037762453,73.23243463779878,71.45860391441383,75.22990154573539,,,,,,,,,,,,,
1970-01-01 00:00:00.000000012,29.1780043896888,73.78823278809588,74.14724630355603,74.05811249567245,72.43835395673399,73.29964366380767,71.48008174989474,70.92189190261206,,,,,,,,,,,,,
1970-01-01 00:00:00.000000011,28.69118427664392,73.6958892700275,74.07263438484675,74.029422405558,72.44719138201778,73.36314571318194,71.50200647256709,66.90975614654738,,,,,,,,,,,,,
1970-01-01 00:00:00.000000010,35.14960780357945,73.26750548340482,73.84366492594377,73.93234585384647,72.43830361042471,73.42211490870322,71.52418069521488,55.47428346186525,,,,,,,,,,,,,
1970-01-01 00:00:00.000000009,32.87929616910277,73.07077318555199,73.70186302305257,73.86769872209331,72.4367666988199,73.47742309874948,71.54632431659729,49.41721424538324,,,,,,,,,,,,,
1970-01-01 00:00:00.000000011,31.510888970786787,72.92555470566816,73.57848281969622,73.80797252852624,72.43585042108172,73.52918724203153,71.568574993721,44.57481448509818,,,,,,,,,,,,,
1970-01-01 00:00:00.000000011,34.156284585552044,72.70337406238609,73.41813451692909,73.72980307600591,72.42966933718299,73.57664405361852,71.59090927532016,39.165491899591565,,,,,,,,,,,,,
1970-01-01 00:00:00.000000010,33.38915559752314,72.560386017487,73.28816172792558,73.6615140862759,72.42527893420495,73.61986222516205,71.61336958286113,35.152171800728766,,,,,,,,,,,,,
1970-01-01 00:00:00.000000018,29.09378462692392,72.77964884084508,73.32166521941211,73.66132530384459,72.43753188146935,73.65981635856562,71.63612366923522,35.14145128993388,,,,,,,,,,,,,
1970-01-01 00:00:00.000000020,27.556958476893673,72.97764973673857,73.36239141040305,73.66557346135313,72.45078682115934,73.6962229706627,71.65941295505986,35.6172862138999,,,,,,,,,,,,,
1970-01-01 00:00:00.000000018,29.940422901962737,72.96748966243773,73.32279667902408,73.63660388895632,72.45552376189642,73.72849258173392,71.68294659146099,33.79638854718822,,,,,,,,,,,,,
1970-01-01 00:00:00.000000017,28.434946270151645,73.07405581686425,73.33893520225556,73.6312594397647,72.46591974868919,73.75623031376534,71.70662986099585,33.45656643672353,,,,,,,,,,,,,
1970-01-01 00:00:00.000000021,26.59891185560851,73.27574093034687,73.40653030971208,73.64895441798089,72.48200493909306,73.78060433849359,71.73062749494395,35.75970787115055,,,,,,,,,,,,,
1970-01-01 00:00:00.000000020,25.46910984140796,73.42665811292984,73.46323908548932,73.66391019936445,72.49741112719424,73.80265174131155,71.75484055969349,37.72169408767618,,,,,,,,,,,,,
1970-01-01 00:00:00.000000019,28.169651396154197,73.554345289172,73.51795316809398,73.67964289719882,72.51300996169122,73.82265997236996,71.77933716421197,39.80441863050421,,,,,,,,,,,,,
1970-01-01 00:00:00.000000020,26.78787936096069,73.72253354334933,73.59771074918167,73.70770735456587,72.53173908207299,73.84103554924239,71.80438013691501,43.43818115852051,,,,,,,,,,,,,
1970-01-01 00:00:00.000000021,25.188045439317307,73.8032068883904,73.64572797821558,73.72410707668308,72.547601382436,73.85790152815348,71.82979893283927,45.50826110859214,,,,,,,,,,,,,
1970-01-01 00:00:00.000000020,27.4726484430317,73.88165242477483,73.69570130476984,73.7425905078058,72.56399773256413,73.87368924396118,71.85551108723514,47.82591909119347,,,,,,,,,,,,,
1970-01-01 00:00:00.000000019,26.306562827880544,73.94788633190971,73.74271227346796,73.76103095692908,72.58040394378688,73.88753557880469,71.88161974769714,50.10595144616066,,,,,,,,,,,,,
1970-01-01 00:00:00.000000019,24.8108484648793,73.9713278643559,73.77201970262001,73.77295499760405,72.59517697911379,73.89898183573844,71.9078628951335,51.579459366999586,,,,,,,,,,,,,
1970-01-01 00:00:00.000000022,22.22387054816842,74.15343405662144,73.87291416835306,73.81644142223462,72.6179300323135,73.90878300259483,71.93436883876366,56.61201046279455,,,,,,,,,,,,,
1970-01-01 00:00:00.000000024,19.968653886831554,74.47289983318778,74.04362769299853,73.8922971680079,72.64910249905121,73.91788781260911,71.96129764621018,63.69947540410741,,,,,,,,,,,,,
1970-01-01 00:00:00.000000027,18.482787826726316,74.782343609226,74.22330869485128,73.97574115017932,72.68264494894503,73.92714978047401,71.98863241593888,69.58517328870495,,,,,,,,,,,,,
1970-01-01 00:00:00.000000023,25.231130295745174,74.73099573699018,74.25079010877815,73.99730440891922,72.70098285241868,73.93495133123781,72.01593800011057,70.8983024418456,,,,,,,,,,,,,
1970-01-01 00:00:00.000000021,23.677111147323984,74.68470351097886,74.27340324497409,74.01699971080214,72.71887888977703,73.94145876170323,72.04298960546967,72.0838279278857,,,,,,,,,,,,,
1970-01-01 00:00:00.000000020,27.42306689717979,74.47041448114638,74.21339007377793,74.00116671672427,72.72777818800628,73.94577556802851,72.06925149279395,69.62819854336928,,,,,,,,,,,,,
1970-01-01 00:00:00.000000023,23.93670349471288,74.32678629683117,74.17147039066815,73.99140620075745,72.73797217180294,73.94888040391196,72.09449132605324,68.08830078554647,,,,,,,,,,,,,
1970-01-01 00:00:00.000000021,22.24717867681601,74.403045858754,74.2202534557388,74.01951121666679,72.75757527563023,73.95254498093189,72.11870746647466,70.13637192799004,,,,,,,,,,,,,
1970-01-01 00:00:00.000000027,19.695743476808858,74.75947892333133,74.39888597627532,74.10444062705791,72.79168110554079,73.95685637998312,72.14219980684805,75.29602896450228,,,,,,,,,,,,,
1970-01-01 00:00:00.000000033,17.506724224344282,75.34178571434866,74.69635205828828,74.24430620554263,72.84023167044505,73.96279100790888,72.16516021894212,81.09031552067387,,,,,,,,,,,,,
1970-01-01 00:00:00.000000030,16.274381881961826,75.73812278534612,74.93518105929262,74.36505776882865,72.8848410176977,73.97090537971691,72.18746836354003,84.47572449292771,,,,,,,,,,,,,
1970-01-01 00:00:00.000000029,15.750557383103155,76.08126055737847,75.16414747622127,74.48618537183567,72.93030341200426,73.98101181128746,72.20906578871036,86.9915836827383,,,,,,,,,,,,,
1970-01-01 00:00:00.000000027,18.60730843963659,76.178514000102,75.29172750301899,74.56780664239099,72.96649469915842,73.99222120491841,72.23001413260582,88.36043604872418,,,,,,,,,,,,,
1970-01-01 00:00:00.000000025,18.621346131192787,76.29454612439801,75.42508633197926,74.65372303373182,73.00422783271488,74.00440850213478,72.25035806649251,89.60090293468936,,,,,,,,,,,,,
1970-01-01 00:00:00.000000027,17.392039923672296,76.51770629649107,75.60556457315053,74.7618259337762,73.0480698143283,74.01778068518526,72.27021585981691,90.91312944315113,,,,,,,,,,,,,
1970-01-01 00:00:00.000000025,17.744860621063076,76.65105468563036,75.74909945215389,74.85683073018448,73.08922780863536,74.03216863721383,72.28923353392929,91.88257680499916,,,,,,,,,,,,,
1970-01-01 00:00:00.000000027,16.55472443704675,76.90197015231288,75.94514786732562,74.97639156504168,73.13715222863942,74.0485343085237,72.30762529114365,92.90800736913093,,,,,,,,,,,,,
1970-01-01 00:00:00.000000027,15.815103047495995,77.04709339479953,76.09809682163656,75.08035998855951,73.1818331653171,74.06670475312089,72.32546078040602,93.6582386496764,,,,,,,,,,,,,
1970-01-01 00:00:00.000000026,16.223742273635274,77.19122696193338,76.24988449516675,75.18574827255595,73.22746429034349,74.08685542456713,72.34283579135364,94.31476325087975,,,,,,,,,,,,,
1970-01-01 00:00:00.000000026,15.40253008309185,77.30478363253499,76.3870777515099,75.28666050951225,73.2725543005385,74.10859513170344,72.35946780326259,94.86313542547042,,,,,,,,,,,,,
1970-01-01 00:00:00.000000027,14.637841972917975,77.46922668630144,76.54525240149692,75.39804632880067,73.32085723189003,74.13276352138581,72.37551123997595,95.39152565977213,,,,,,,,,,,,,
1970-01-01 00:00:00.000000026,14.097131239548006,77.56222979874819,76.67152420577312,75.49750499231968,73.36676156041386,74.15873933582365,72.3906674677621,95.80633436819788,,,,,,,,,,,,,
1970-01-01 00:00:00.000000027,13.333645979698767,77.76630452991652,76.84525868293828,75.61848924574204,73.41866048473402,74.18674897272876,72.40527440095659,96.24866539915335,,,,,,,,,,,,,
1970-01-01 00:00:00.000000032,12.154608319623543,78.03645518399182,77.05178587542507,75.75568801258717,73.4753609555356,74.21708413910537,72.4198253179553,96.67674393764852,,,,,,,,,,,,,
1970-01-01 00:00:00.000000031,11.662572866546306,78.29463198166611,77.2586543569649,75.89575276395094,73.53358959450902,74.25006391364604,72.4343271172732,97.04719871798659,,,,,,,,,,,,,
1970-01-01 00:00:00.000000029,13.20341008461644,78.36273958191492,77.38379214114174,76.00318089018464,73.58435158842347,74.28688171494149,72.4487472866053,97.29615706257596,,,,,,,,,,,,,
1970-01-01 00:00:00.000000030,12.121704037032124,78.53112641894991,77.54932683440974,76.12872963045544,73.6402751921913,74.32682510180003,72.46298484699722,97.55554704094928,,,,,,,,,,,,,
1970-01-01 00:00:00.000000027,12.697788421886052,78.78499177236696,77.7539746845575,76.27271878949779,73.70157049561263,74.37004797354508,72.47722023510134,97.81450201748966,,,,,,,,,,,,,
1970-01-01 00:00:00.000000024,11.613827315763947,78.81986658683888,77.86355569911832,76.37807749754597,73.75388686724561,74.4157415938189,72.491411481686,97.98288513000075,,,,,,,,,,,,,
1970-01-01 00:00:00.000000022,16.7839205075851,78.69180635540862,77.89228385644279,76.44872408312015,73.79792346985698,74.46294530936844,72.505314438861,98.08919414869106,,,,,,,,,,,,,
1970-01-01 00:00:00.000000021,16.73071809863315,78.60688288950269,77.92636614457334,76.52003643381659,73.842393773897,74.5115936596272,72.5189227223698,98.19273676878682,,,,,,,,,,,,,
1970-01-01 00:00:00.000000020,16.068990306193513,78.5249228155084,77.95097672411497,76.58580294698187,73.88572401017197,74.56214746865338,72.53222075133323,98.28503282568997,,,,,,,,,,,,,
1970-01-01 00:00:00.000000022,15.403386204736428,78.4663661698872,77.97653698441381,76.65036516817483,73.92897192636332,74.61456632390572,72.54513884415252,98.37288227441807,,,,,,,,,,,,,
1970-01-01 00:00:00.000000021,14.524114564144082,78.47734708630038,78.0260582360083,76.72373401459751,73.97466644204083,74.67039408712074,72.55768833391635,98.46886948090676,,,,,,,,,,,,,
1970-01-01 00:00:00.000000021,13.750027704706424,78.47736869687235,78.067094318113,76.79250739203134,74.01947030967386,74.7288902605195,72.5701278521745,98.55492488424088,,,,,,,,,,,,,
1970-01-01 00:00:00.000000024,12.663902553494296,78.64035290427522,78.17847571954698,76.8905380721041,74.07193617459141,74.79054157139105,72.58258297851721,98.66969857164219,,,,,,,,,,,,,
1970-01-01 00:00:00.000000024,12.109239085812632,78.84608817058815,78.3139805846645,76.99949850989766,74.12762864286255,74.8559354800689,72.5952374569538,98.78519049181497,,,,,,,,,,,,,
1970-01-01 00:00:00.000000023,11.475188391457186,78.91955394711505,78.3957475363516,77.08631884493002,74.17823350266713,74.92443157524197,72.60840928230054,98.86941564639814,,,,,,,,,,,,,
1970-01-01 00:00:00.000000021,20.07554820715812,78.71548477146158,78.35060758476034,77.11819685371111,74.2152581252162,74.9935690062393,72.6222557129258,98.89958354922318,,,,,,,,,,,,,
1970-01-01 00:00:00.000000022,17.454828612867026,78.8623872068177,78.4505520723496,77.20963999467311,74.26734507867914,75.06445033690571,72.6373355969337,98.98338353080683,,,,,,,,,,,,,
1970-01-01 00:00:00.000000022,16.879856911218724,78.93084451887214,78.51910859005325,77.28787661319926,74.31647272732005,75.13747579139056,72.65354577108697,99.05003906522775,,,,,,,,,,,,,
1970-01-01 00:00:00.000000019,24.119120338255826,78.71049592759772,78.45638067845749,77.30910112101498,74.35142425801835,75.21103262501556,72.67041818268534,99.06789393340942,,,,,,,,,,,,,
1970-01-01 00:00:00.000000017,26.888879719206376,78.44484937879693,78.35873363346988,77.31197022150826,74.38158185926787,75.28429294108611,72.68760321374118,99.07043737851976,,,,,,,,,,,,,
1970-01-01 00:00:00.000000016,26.134347710912472,78.1464678819438,78.23093438447546,77.29789067927388,74.40716753126054,75.3569725506843,72.70491235368658,97.66208770618566,,,,,,,,,,,,,
1970-01-01 00:00:00.000000015,26.488981851585255,77.82014671766443,78.07492780957286,77.26718367461791,74.42813961612906,75.42872336623267,72.72233016655088,94.5066304674724,,,,,,,,,,,,,
1970-01-01 00:00:00.000000014,31.76388659341886,77.32252820176826,77.82557565762838,77.19129624181657,74.43713379047786,75.4983951439777,72.73962549096167,87.0233950571002,,,,,,,,,,,,,
1970-01-01 00:00:00.000000012,39.10390232069753,76.59499765907087,77.4491483695059,77.0537895455995,74.42964863324208,75.56498879335602,72.75642658685648,75.37669503531502,,,,,,,,,,,,,
1970-01-01 00:00:00.000000010,41.5691694350298,75.87279072979577,77.04322242797767,76.89418850509345,74.41526370169436,75.62802075330178,72.77250491931844,64.57423451270031,,,,,,,,,,,,,
1970-01-01 00:00:00.000000010,39.35796721150911,75.24069626791865,76.64950388183516,76.73019359981176,74.39831897252735,75.68740400615944,72.78802472798372,55.73538177936719,,,,,,,,,,,,,
1970-01-01 00:00:00.000000009,40.01191873517029,74.68771234880758,76.27007413551954,76.56335372030398,74.37918919839636,75.74321198061344,72.80318751618147,48.46701115208405,,,,,,,,,,,,,
1970-01-01 00:00:00.000000009,39.16423865299364,74.17348073109684,75.89248141958629,76.388969427753,74.35667541791733,75.79466254072379,72.81786152438383,42.26317419232825,,,,,,,,,,,,,
1970-01-01 00:00:00.000000008,38.832637015469906,73.71653421866654,75.52850566952802,76.21249016270171,74.33211892787781,75.84106640061768,72.83207984333082,37.08911269010592,,,,,,,,,,,,,
1970-01-01 00:00:00.000000008,38.570449194233554,73.23006789006995,75.14265993372398,76.01922398281864,74.30179140198534,75.88193605727047,72.8457233895736,32.40970003049419,,,,,,,,,,,,,
1970-01-01 00:00:00.000000007,38.72383732202413,72.82687352592315,74.78551776423416,75.83078759405461,74.27106806534206,75.91860572097318,72.85898844547518,28.618433216242295,,,,,,,,,,,,,
1970-01-01 00:00:00.000000012,35.32237620326256,72.66027659173461,74.53173331793836,75.68032097683601,74.24840956573648,75.95187214629385,72.87199587694666,26.002730623590217,,,,,,,,,,,,,
1970-01-01 00:00:00.000000011,32.889944650952316,72.35352034565332,74.2221662309738,75.50173958014943,74.21734574280704,75.98188360356235,72.88467778307964,23.28279645929202,,,,,,,,,,,,,
1970-01-01 00:00:00.000000010,32.075350662236325,72.14316173550704,73.9566717822418,75.33703321602286,74.18833461397237,76.00879614386767,72.89673309667354,21.091478910826826,,,,,,,,,,,,,
1970-01-01 00:00:00.000000015,28.684510069947702,72.26575772092517,73.84753268045597,75.2358217825552,74.1740839378393,76.03312235518543,72.9087159731865,19.85484659867853,,,,,,,,,,,,,
1970-01-01 00:00:00.000000015,27.620904663670142,72.36033261716982,73.74672354606437,75.137892779402,74.15980083599163,76.0537913982323,72.92045340023229,18.711671929503417,,,,,,,,,,,,,
1970-01-01 00:00:00.000000020,24.551851940356055,72.70584879637258,73.77774081580249,75.09671712190324,74.15908553924727,76.07083961655952,72.93231498504147,18.236232634972676,,,,,,,,,,,,,
1970-01-01 00:00:00.000000022,22.914301260280936,72.90866249657073,73.77248413230801,75.04272497192129,74.1547157059947,76.08439296062137,72.94441955809475,17.604573545834757,,,,,,,,,,,,,
1970-01-01 00:00:00.000000021,24.68002290856311,72.9727826583894,73.72310042079492,74.9716088281465,74.14550722439938,76.0941014297476,72.95678191325037,16.78012224521607,,,,,,,,,,,,,
1970-01-01 00:00:00.000000019,29.63643533625891,72.83658183960215,73.59298025203657,74.86651744525656,74.12706216310639,76.1000756458049,72.96932362691005,15.61626364082178,,,,,,,,,,,,,
1970-01-01 00:00:00.000000018,28.76935331329686,72.73463107226766,73.47787550211775,74.76692178085159,74.1091493853932,76.1023396207473,72.98192568235082,14.583890924659702,,,,,,,,,,,,,
1970-01-01 00:00:00.000000020,26.171405148718687,72.8125293817399,73.44571614916423,74.70249828433306,74.09934812404231,76.10115306775843,72.9947654827069,13.941842053717345,,,,,,,,,,,,,
1970-01-01 00:00:00.000000023,24.992541317653547,72.97823548048959,73.46347466973914,74.66087324869208,74.09478804196715,76.09723391812858,73.00795180169177,13.527455362902261,,,,,,,,,,,,,
1970-01-01 00:00:00.000000022,25.0628583685101,73.0126710870284,73.43501456459772,74.6016395335741,74.08539128048672,76.08973887749923,73.02131960536222,12.93812863001905,,,,,,,,,,,,,
1970-01-01 00:00:00.000000020,28.33867511564243,72.95260055370476,73.36931491512613,74.52754850952846,74.07172886396854,76.07868264791861,73.03448125687959,12.220951610047399,,,,,,,,,,,,,
1970-01-01 00:00:00.000000023,26.7184942281795,73.04648901229974,73.37410836344917,74.48419534627949,74.06526432648309,76.0646515893931,73.04787359765511,11.80848485065155,,,,,,,,,,,,,
1970-01-01 00:00:00.000000028,24.432118378255936,73.31434880261324,73.46607923621444,74.48033623324372,74.06845361640731,76.04852510386772,73.06169496744204,11.77040224752831,,,,,,,,,,,,,
1970-01-01 00:00:00.000000027,23.42378064335763,73.58120774082107,73.5735850777997,74.48693651796563,74.07422665001174,76.030302907651,73.07587126875568,12.291398370269775,,,,,,,,,,,,,
1970-01-01 00:00:00.000000029,22.44046006035044,73.86128729861389,73.70158693707111,74.50633530274287,74.08325529558162,76.01047951385948,73.09082047525726,13.900623246204274,,,,,,,,,,,,,
1970-01-01 00:00:00.000000027,24.418612779112216,73.92588744387159,73.74546885414668,74.49370599772952,74.08426059637088,75.98798384889923,73.10647479118093,13.724081487265313,,,,,,,,,,,,,
1970-01-01 00:00:00.000000026,24.115112322085547,73.93375957667931,73.76544878630699,74.47298215891308,74.0830763925056,75.96232973182575,73.12283057383425,13.422827622834548,,,,,,,,,,,,,
1970-01-01 00:00:00.000000026,21.73440924956615,73.91902761983954,73.77405342323185,74.44894755630789,74.08085771986855,75.93339362767288,73.13999705141951,13.064649926379854,,,,,,,,,,,,,
1970-01-01 00:00:00.000000023,23.128585125969945,73.97908958854742,73.81453379051794,74.43994323893813,74.08223562776418,75.90212887464796,73.15796097888712,12.925494475136142,,,,,,,,,,,,,
1970-01-01 00:00:00.000000023,21.60416511029288,74.02713916351372,73.8513341244144,74.43129203205345,74.08359982513348,75.86818012267992,73.17657725163028,12.784598005638538,,,,,,,,,,,,,
1970-01-01 00:00:00.000000022,20.42615936249199,74.13917654077191,73.91824248126805,74.43741101314174,74.088612026374,75.83147396715279,73.19561790806767,13.502792592379766,,,,,,,,,,,,,
1970-01-01 00:00:00.000000022,18.92413357545218,74.25859617646519,73.99260904835626,74.44913115847886,74.09505643127812,75.79289504037145,73.21505534181274,14.94748264478035,,,,,,,,,,,,,
1970-01-01 00:00:00.000000022,17.247378349683054,74.28929423853543,74.03074336094355,74.44767842625681,74.09821095919393,75.75287412723418,73.2348037277434,14.914231184519759,,,,,,,,,,,,,
1970-01-01 00:00:00.000000019,23.535818830798597,74.13161239278148,73.98257441992737,74.41054927266893,74.09226741740858,75.71068438401123,73.25463537716381,14.053735674696044,,,,,,,,,,,,,
1970-01-01 00:00:00.000000019,21.410330645922254,74.20698669156894,74.03038437145386,74.41438984576892,74.09640887481466,75.66725612198697,73.27455877859455,14.602591275815994,,,,,,,,,,,,,
1970-01-01 00:00:00.000000017,22.990555778903392,74.06751806419265,73.98304429720237,74.37890959905985,74.09057041391787,75.62182701060468,73.2942891114432,13.730253026845316,,,,,,,,,,,,,
1970-01-01 00:00:00.000000016,21.764721225621766,73.94179216131506,73.93357559289349,74.34204602850083,74.08408601726003,75.57419325088273,73.31394897286495,12.86999485012495,,,,,,,,,,,,,
1970-01-01 00:00:00.000000017,20.2462708005611,74.04285328471612,73.9802594279323,74.34616570496435,74.08769807458403,75.5252664171414,73.33396982062791,13.522082368561948,,,,,,,,,,,,,
1970-01-01 00:00:00.000000015,25.18395927262578,73.84600595540961,73.89647371977333,74.29567358469843,74.07745845830144,75.47336912739328,73.35404516244594,12.306414679328661,,,,,,,,,,,,,
1970-01-01 00:00:00.000000015,25.40740855215667,73.58416713005035,73.77286809330423,74.22669861387156,74.06212864109061,75.41791312947277,73.37401195437467,10.86890817813586,,,,,,,,,,,,,
1970-01-01 00:00:00.000000016,23.887027624118357,73.526810937927,73.72964246386144,74.19025498859949,74.05451926326317,75.35999185234616,73.39397838806542,10.191528262125146,,,,,,,,,,,,,
1970-01-01 00:00:00.000000017,22.834035168254584,73.42432655795879,73.66461942515457,74.14414259838328,74.0441697087838,75.30051076723959,73.41373330789379,9.393777190371146,,,,,,,,,,,,,
1970-01-01 00:00:00.000000015,22.88094349605937,73.46261645876939,73.66017911941431,74.123422342055,74.03990708543283,75.23878641418723,73.43354187078745,9.050943031294976,,,,,,,,,,,,,
1970-01-01 00:00:00.000000015,21.725720631800293,73.41895943898817,73.62237477763694,74.08894818589062,74.031990909059,75.17480784564106,73.45317345926692,8.495408207067971,,,,,,,,,,,,,
1970-01-01 00:00:00.000000016,20.387839011407767,73.48308472648351,73.63303033207583,74.07524770316803,74.02908140624713,75.11013077728413,73.47273546869596,8.277954214944124,,,,,,,,,,,,,
1970-01-01 00:00:00.000000022,18.000368975780848,73.697109260679,73.71668279256538,74.09399122059128,74.03429659023931,75.04577119726578,73.49259271723324,11.611295713686353,,,,,,,,,,,,,
1970-01-01 00:00:00.000000020,16.71548590095391,73.87009738168774,73.79353434467059,74.11234646157682,74.03954786661228,74.98206031291184,73.51280293618395,14.873886186247772,,,,,,,,,,,,,
1970-01-01 00:00:00.000000019,15.71507319987394,73.92182100837753,73.8240053601675,74.11298838524584,74.04043510689611,74.9189764071244,73.53323859212892,14.992063265833933,,,,,,,,,,,,,
1970-01-01 00:00:00.000000017,22.061757764081072,73.73856612066687,73.74960001559084,74.069559294445,74.03013770851729,74.85654166817697,73.55384969802985,13.61495326450926,,,,,,,,,,,,,
1970-01-01 00:00:00.000000016,20.721467558117883,73.72638909038116,73.74306192046788,74.05419151698591,74.02663067628566,74.7965497076047,73.57481860192814,13.154488707234623,,,,,,,,,,,,,
1970-01-01 00:00:00.000000013,25.62015763348924,73.31690839144555,73.55541861821654,73.96104618673952,74.00327102374256,74.73788686123763,73.59581032634128,10.775680330829898,,,,,,,,,,,,,
1970-01-01 00:00:00.000000012,24.980395257688127,72.8531254070041,73.32292542285488,73.84484804095516,73.97336776449376,74.68017995006048,73.61663976536411,8.66947354842765,,,,,,,,,,,,,
1970-01-01 00:00:00.000000011,22.70199843424895,72.66428285734156,73.19437880793093,73.76892900635659,73.95282592264498,74.62429145578155,73.63715569723757,7.621324756621767,,,,,,,,,,,,,
1970-01-01 00:00:00.000000012,21.044082431273115,72.69538960374435,73.16032769715135,73.73170891157223,73.94155219793564,74.57114624545792,73.65778554667571,7.164027161759945,,,,,,,,,,,,,
1970-01-01 00:00:00.000000020,18.806268497643085,72.92368534022205,73.22183138705874,73.73583280861382,73.94051056697242,74.52161309837618,73.6791145282102,7.8239626838229395,,,,,,,,,,,,,
1970-01-01 00:00:00.000000019,18.419704480481418,73.18060781807608,73.31151014546178,73.7543608447267,73.94317511585322,74.47631583561433,73.70096504849256,10.888911452163601,,,,,,,,,,,,,
1970-01-01 00:00:00.000000020,17.449621751381482,73.4056022822929,73.4018801448889,73.77597728764566,73.94678113598563,74.43521962948614,73.72350298129285,14.462474064620407,,,,,,,,,,,,,
1970-01-01 00:00:00.000000019,18.089445246348628,73.4971579122601,73.44383471645618,73.77940486193913,73.94595127823581,74.39720130718821,73.74674981740867,15.044242019852692,,,,,,,,,,,,,
1970-01-01 00:00:00.000000019,17.42777555299447,73.65353840256199,73.51976432075739,73.79899919534424,73.94926579649983,74.3631464994921,73.7710042289737,18.458528478664963,,,,,,,,,,,,,
1970-01-01 00:00:00.000000024,16.058692386819843,73.95374808044804,73.6683845454151,73.852159493252,73.96125904023607,74.33344902503669,73.79608414275255,27.027133763611815,,,,,,,,,,,,,
1970-01-01 00:00:00.000000023,15.27358300087261,74.22044627929984,73.81555313898708,73.9084371238973,73.97445287142484,74.30690133186354,73.82202712222595,34.83414449077384,,,,,,,,,,,,,
1970-01-01 00:00:00.000000029,13.569359328458788,74.8052464887719,74.118179883321,74.03533948478996,74.00599510481027,74.28485026597129,73.84918544234564,48.27292529220719,,,,,,,,,,,,,
1970-01-01 00:00:00.000000032,12.659309863251226,75.4092805040058,74.45520139983195,74.18396995852139,74.04399929844341,74.26659532270365,73.87748785140951,58.95045835601321,,,,,,,,,,,,,
1970-01-01 00:00:00.000000029,14.519388254189804,75.63427102185699,74.64420428105284,74.2761371402759,74.068777744163,74.25126356607075,73.906357551326,63.923584907161235,,,,,,,,,,,,,
1970-01-01 00:00:00.000000027,17.36190351341385,75.93630628281763,74.87149910338077,74.38861989268314,74.09938142160078,74.23960378736147,73.93562333221476,68.87889185792933,,,,,,,,,,,,,
1970-01-01 00:00:00.000000027,16.135525830532583,76.09303306336348,75.03953920175951,74.48004421789348,74.12545663318234,74.23187432281422,73.96516783899084,72.21896598013659,,,,,,,,,,,,,
1970-01-01 00:00:00.000000026,15.724458020684274,76.19542101856189,75.18185135063187,74.56337475206846,74.15012843622884,74.22780338223856,73.99485623686819,74.86671818598504,,,,,,,,,,,,,
1970-01-01 00:00:00.000000025,15.195476718246262,76.25964186856045,75.30318534317031,74.63996888996988,74.17367467336642,74.22655279435129,74.02486826836987,77.03342986359037,,,,,,,,,,,,,
1970-01-01 00:00:00.000000025,14.464982953753063,76.41007097775852,75.4585128042049,74.73298138112992,74.2019146011394,74.22799495700005,74.0551126532337,79.36036541252896,,,,,,,,,,,,,
1970-01-01 00:00:00.000000029,13.535717477090213,76.73028456540995,75.69056972346041,74.86153657857642,74.23981733064066,74.2331928979001,74.08556674112772,82.06507599494451,,,,,,,,,,,,,
1970-01-01 00:00:00.000000030,13.104694328274336,77.05189885594125,75.93127756842459,74.99788243894858,74.28059881011754,74.2425995764885,74.11608035828259,84.40003575050358,,,,,,,,,,,,,
1970-01-01 00:00:00.000000029,13.156072059347553,77.32864829617878,76.15894743103406,75.13269669848506,74.32194256381915,74.2555696035326,74.14690338902491,86.29936060664367,,,,,,,,,,,,,
1970-01-01 00:00:00.000000030,12.458062155109916,77.59957177415006,76.38843090876144,75.27193469799683,74.36533881379145,74.27140157282767,74.17799115937288,87.9334154769876,,,,,,,,,,,,,
1970-01-01 00:00:00.000000027,15.825002040867556,77.75263410389037,76.56810841004236,75.39322680485388,74.4051352775632,74.28952737856544,74.20909008921078,89.14766625296436,,,,,,,,,,,,,
1970-01-01 00:00:00.000000032,14.53961650974168,77.8821609940498,76.7346684231919,75.51115001072971,74.44488784748484,74.30962367272518,74.24021343791868,90.18208141515626,,,,,,,,,,,,,
1970-01-01 00:00:00.000000031,13.222379826808163,78.13082034797422,76.95201290869008,75.65288756966862,74.49146068247177,74.33280730416395,74.27133181119568,91.2603702879534,,,,,,,,,,,,,
1970-01-01 00:00:00.000000028,12.205792765934524,78.27845388580126,77.12628337491002,75.77900915662708,74.53501816858757,74.35892784411823,74.30233598667144,92.09259193785576,,,,,,,,,,,,,
1970-01-01 00:00:00.000000029,10.519751720207598,78.68310093823085,77.41495662700449,75.95636915628678,74.59239797932749,74.3890762761178,74.3335569792811,93.08920168767195,,,,,,,,,,,,,
1970-01-01 00:00:00.000000028,9.925851450027388,78.95375461533078,77.6532668721614,76.1163691628532,74.64656684842603,74.42260479459611,74.36488864809347,93.8430834733646,,,,,,,,,,,,,
1970-01-01 00:00:00.000000026,15.16928050240531,79.04115615808495,77.8112210046105,76.2447767380002,74.69377277360688,74.45887448871504,74.39605646309386,94.37355763405544,,,,,,,,,,,,,
1970-01-01 00:00:00.000000024,15.169453383926486,79.20305584687812,77.99662405892325,76.386183713061,74.74508503060633,74.49784994271344,74.42734455240306,94.8951691767069,,,,,,,,,,,,,
1970-01-01 00:00:00.000000028,13.885155144820072,79.4333919431275,78.21099790157795,76.54181322737723,74.80090245645229,74.5397035840914,74.45885210425524,95.40055657988424,,,,,,,,,,,,,
1970-01-01 00:00:00.000000027,13.145904209394068,79.63888884747075,78.4155323164203,76.69550198178769,74.85722060578952,74.58466005520202,74.4904494143375,95.83869142333839,,,,,,,,,,,,,
1970-01-01 00:00:00.000000024,17.430772100644557,79.68654442758599,78.5484081738409,76.82027314909197,74.9071703186478,74.63285453273048,74.52189180354192,96.15861563397641,,,,,,,,,,,,,
1970-01-01 00:00:00.000000024,16.1695921046853,79.7211349561313,78.66759807352013,76.93945840090454,74.95644720174894,74.6833559038332,74.5531007895703,96.44015626726713,,,,,,,,,,,,,
1970-01-01 00:00:00.000000022,15.16944547969422,79.68159088726831,78.7453995770016,77.04079001701874,75.00188966354067,74.73659351219237,74.58403313997117,96.6640200725108,,,,,,,,,,,,,
1970-01-01 00:00:00.000000023,13.71251503289624,79.65880267807637,78.82014960102951,77.13988255914775,75.0473201130707,74.7925502428053,74.614813122378,96.87122852857765,,,,,,,,,,,,,
1970-01-01 00:00:00.000000019,22.88569212490593,79.49022878796892,78.81976629434855,77.20561003633956,75.08481875102561,74.8497391294328,74.6453297264608,97.00414989655195,,,,,,,,,,,,,
1970-01-01 00:00:00.000000017,21.265659145252744,79.32706462217202,78.80655190022453,77.26320995487465,75.12053605657744,74.90908985683633,74.67554694941305,97.11963553842637,,,,,,,,,,,,,
1970-01-01 00:00:00.000000017,19.873000645371786,79.17354134617511,78.78408793131207,77.31404282888693,75.15475408827506,74.97083674113665,74.7053323510742,97.22143284546996,,,,,,,,,,,,,
1970-01-01 00:00:00.000000019,18.39183718419552,79.15154517410807,78.80949452717823,77.38265136445371,75.19364768427073,75.03468466865372,74.73474258035098,97.35719304113461,,,,,,,,,,,,,
1970-01-01 00:00:00.000000017,19.245491924836813,79.26306505774349,78.8912808967334,77.47388639299612,75.23857800176341,75.10127954454599,74.76379391914763,97.5300206145867,,,,,,,,,,,,,
1970-01-01 00:00:00.000000017,18.071446239697025,79.40003944853855,78.98734054355026,77.5709079858872,75.28543729539481,75.17022925742262,74.79242224479457,97.70211523993875,,,,,,,,,,,,,
1970-01-01 00:00:00.000000015,21.263592780528295,79.1470228308035,78.90985107230598,77.5930275299647,75.31379071892187,75.2403108443041,74.82027176576742,97.7407633408971,,,,,,,,,,,,,
1970-01-01 00:00:00.000000014,19.748734722450756,79.21522721239671,78.96241413289357,77.66734193030999,75.355325584791,75.31215272884695,74.84738661122799,97.87035825419332,,,,,,,,,,,,,
1970-01-01 00:00:00.000000016,18.90866621387242,79.32462470204628,79.03512327178002,77.74949380208781,75.39917522733681,75.38526278047688,74.87398281433059,98.00649422589515,,,,,,,,,,,,,
1970-01-01 00:00:00.000000014,22.470768800050255,79.23172734952766,79.01921551429575,77.79304847414136,75.43361266725837,75.45887682072818,74.90014035640897,98.07669103460549,,,,,,,,,,,,,
1970-01-01 00:00:00.000000014,20.9345541050803,79.27060832005182,79.05620794046418,77.85709097327889,75.47333922979459,75.53375887248883,74.92602965455397,98.17826962389807,,,,,,,,,,,,,
1970-01-01 00:00:00.000000014,20.16442413229246,79.37069655594381,79.12119353674122,77.93214817038606,75.51610251606043,75.61101065000764,74.95174575285118,98.29211625428373,,,,,,,,,,,,,
1970-01-01 00:00:00.000000015,19.18526437081622,79.44362908313396,79.17702677811879,78.00286232809228,75.55808516955132,75.68998406622978,74.977356023836,98.3939504714213,,,,,,,,,,,,,
1970-01-01 00:00:00.000000013,25.6404297534097,79.14692291982749,79.0663969134354,78.00118530607304,75.58198579738267,75.77078684861645,75.00259592677926,98.24434067165038,,,,,,,,,,,,,
1970-01-01 00:00:00.000000013,24.179624484175186,78.95594623381122,78.98690987491818,78.00866978386414,75.60795648088877,75.85406328347463,75.0272957046248,98.25707796139025,,,,,,,,,,,,,
1970-01-01 00:00:00.000000011,30.46942492379766,78.54089224095523,78.79543409261028,77.96443474408638,75.62062035938273,75.93797339822922,75.05111466759067,93.9201218386733,,,,,,,,,,,,,
1970-01-01 00:00:00.000000010,30.068253964958227,78.07681932254934,78.56135168863896,77.89604623055067,75.62658958614435,76.02126014460879,75.07396298334633,87.49052651737516,,,,,,,,,,,,,
1970-01-01 00:00:00.000000010,30.588572717485174,77.7002066787426,78.34611572635502,77.82928975498066,75.6322330340784,76.10312928353613,75.09592414878477,81.61697975572991,,,,,,,,,,,,,
1970-01-01 00:00:00.000000009,29.1103706457108,77.41318963498628,78.1569344294101,77.76794982184263,75.63853043135086,76.18340106307845,75.1172006841093,76.53279244925851,,,,,,,,,,,,,
1970-01-01 00:00:00.000000010,27.38621828426612,77.2228292348445,78.00279381167076,77.71671208899694,75.64671806521082,76.26221575910547,75.13774811020066,72.47171872642629,,,,,,,,,,,,,
1970-01-01 00:00:00.000000011,25.586224684281554,77.1204981901217,77.88537382981255,77.67727922320218,75.65730966666375,76.34017324633074,75.157676365379,69.41874416459054,,,,,,,,,,,,,
1970-01-01 00:00:00.000000010,26.772913060435304,76.79776726547627,77.6691438059109,77.5921640994254,75.65581249154167,76.41603654441236,75.17671055387383,63.22729509109325,,,,,,,,,,,,,
1970-01-01 00:00:00.000000013,23.890754274086383,76.88214386609195,77.62828075706034,77.57755571390106,75.67137306643733,76.49054446882533,75.19541751041042,62.201881094680516,,,,,,,,,,,,,
1970-01-01 00:00:00.000000021,21.034618066341388,77.46706152842044,77.82632179530343,77.66497439875727,75.71252091829103,76.56567521432254,75.21456097057585,65.778557729549,,,,,,,,,,,,,
1970-01-01 00:00:00.000000024,19.03942423747792,78.1473171304512,78.10286886287349,77.79059656110303,75.7638225961048,76.6407803558488,75.23406960000888,70.14978716556789,,,,,,,,,,,,,
1970-01-01 00:00:00.000000025,17.560464838677117,78.61301666822816,78.3185912225519,77.89589923789647,75.81070809086333,76.71501894143631,75.2538112221521,73.23592527004963,,,,,,,,,,,,,
1970-01-01 00:00:00.000000024,16.475604230761245,79.16934705040283,78.59823461860186,78.03310587872805,75.8662698867662,76.79015831620535,75.2741800556536,76.6267642595331,,,,,,,,,,,,,
1970-01-01 00:00:00.000000032,14.397232990800063,80.10327701776367,79.07466755211142,78.26078787906056,75.94560050368602,76.86760167593289,75.29557967608235,80.94172439145767,,,,,,,,,,,,,
1970-01-01 00:00:00.000000034,12.741522326240569,81.26970504926953,79.69837206330975,78.56175373381477,76.04500166459754,76.94923586625131,75.31835175994722,84.9079643257465,,,,,,,,,,,,,
1970-01-01 00:00:00.000000037,11.452134664439743,82.36877917613438,80.34079966515374,78.8834526338061,76.15166906777164,77.03563742388607,75.34254723225168,87.82467296348102,,,,,,,,,,,,,
1970-01-01 00:00:00.000000033,10.36066555707149,82.88941421004813,80.76181372702186,79.12221740682168,76.23943310038787,77.12528239422312,75.36769223537952,89.45377282380734,,,,,,,,,,,,,
1970-01-01 00:00:00.000000031,13.044256465628198,83.26310454919086,81.12509119781639,79.34322323030952,76.32419362581447,77.2174872312067,75.39372118588729,90.6948747333315,,,,,,,,,,,,,
1970-01-01 00:00:00.000000030,12.076082691434314,83.73690575849331,81.5348202339879,79.58984626424653,76.4168097150671,77.31205342492011,75.42087987721078,91.84779672625046,,,,,,,,,,,,,
1970-01-01 00:00:00.000000030,11.4133446604144,84.03566108140403,81.87080770117508,79.81105552341518,76.50450994051964,77.40831688660943,75.44907596603436,92.71918559685164,,,,,,,,,,,,,
1970-01-01 00:00:00.000000029,12.99930440331848,84.13192852332635,82.11137048206967,79.9956022986152,76.58423619276338,77.50557499861203,75.4781629040262,93.35712701561478,,,,,,,,,,,,,
1970-01-01 00:00:00.000000027,12.352829876281636,84.45337454473531,82.44116940464252,80.22083980182131,76.67532994836148,77.60455310068852,75.50826872727184,94.04314683322538,,,,,,,,,,,,,
1970-01-01 00:00:00.000000025,16.231884847635563,84.52497838334685,82.65664434401984,80.40086152480059,76.7562858069628,77.70470579508746,75.53932490067243,94.52942274982335,,,,,,,,,,,,,
1970-01-01 00:00:00.000000023,15.539231815521385,84.55906809486108,82.84198821646513,80.5692758548444,76.83528223615637,77.80586831196975,75.57117770859452,94.94515394260452,,,,,,,,,,,,,
1970-01-01 00:00:00.000000022,19.312177728552548,84.43111372881854,82.93992531175452,80.70064920424849,76.90576993793242,77.90682354466135,75.60359091761333,95.24848998688047,,,,,,,,,,,,,
1970-01-01 00:00:00.000000021,18.308227336037746,84.43936882729312,83.07924021261242,80.84856057746194,76.98105968204445,78.00821457307805,75.63663907203185,95.57076303082684,,,,,,,,,,,,,
1970-01-01 00:00:00.000000021,17.420978452241194,84.54588593097513,83.25130513380248,81.01026229386356,77.0605710717326,78.10929243582959,75.67045656331658,95.89829556028981,,,,,,,,,,,,,
1970-01-01 00:00:00.000000023,16.475780794699457,84.76669989468246,83.46936428068513,81.19221105683016,77.14603758593935,78.21080927370912,75.70560616447368,96.23561310941417,,,,,,,,,,,,,
1970-01-01 00:00:00.000000024,15.512726614703794,85.02006920529675,83.70247175041865,81.38206734667031,77.23447050993751,78.31355508588253,75.74185869976938,96.5540639185051,,,,,,,,,,,,,
1970-01-01 00:00:00.000000024,14.876189474437217,85.2941315361124,83.94682712396013,81.57847179814893,77.32557409550405,78.41740084758429,75.7791931827489,96.85085558475352,,,,,,,,,,,,,
1970-01-01 00:00:00.000000022,15.410412881472176,85.65076390808915,84.23141496687249,81.79411186080961,77.42260612834477,78.52244682025294,75.81769675963368,97.14191547360653,,,,,,,,,,,,,
1970-01-01 00:00:00.000000026,14.504868336179936,86.12876389746742,84.57771941124594,82.03907860567905,77.52825943905756,78.62931835273076,75.85744946113385,97.4322537239442,,,,,,,,,,,,,
1970-01-01 00:00:00.000000027,13.748079221549691,86.64140986064972,84.95174434780348,82.29997723735356,77.63934137213539,78.73891243449599,75.89851125271622,97.70021154055574,,,,,,,,,,,,,
1970-01-01 00:00:00.000000031,13.027613980915891,87.11397169955494,85.32015113938279,82.56288868118973,77.75242473216565,78.8513810401017,75.94103513364381,97.93416638114267,,,,,,,,,,,,,
1970-01-01 00:00:00.000000031,11.547016960686582,87.80247191530802,85.7961803792862,82.87636256735172,77.87982819531148,78.96809249110835,75.98526983445278,98.17283653291578,,,,,,,,,,,,,
1970-01-01 00:00:00.000000028,10.489218960073154,88.19982665334017,86.15918630893916,83.1474560198269,77.99832986108419,79.08824396032195,76.03134538528268,98.3503373122079,,,,,,,,,,,,,
1970-01-01 00:00:00.000000032,9.651040232592983,88.63547320011355,86.54272022514533,83.4310090930575,78.12151124940382,79.2127519414563,76.0791619371375,98.51304926398771,,,,,,,,,,,,,
1970-01-01 00:00:00.000000035,8.40769495246791,89.551361043001,87.14928315145491,83.81469157625331,78.27169434557445,79.34378157388387,76.12919553237613,98.69991073831022,,,,,,,,,,,,,
1970-01-01 00:00:00.000000033,7.807918655024387,90.08424374162736,87.60987327733471,84.14414580997408,78.41044141214716,79.48038363350561,76.18126724604598,98.83526114317145,,,,,,,,,,,,,
1970-01-01 00:00:00.000000031,7.3907663846148495,90.44274747132924,87.99777228758944,84.4473856758628,78.54443465570925,79.6216783197338,76.23519660399391,98.94421389787844,,,,,,,,,,,,,
1970-01-01 00:00:00.000000028,12.346216893188368,90.44586515235636,88.22145988657812,84.68310921314132,78.6629809365128,79.7658627761367,76.2903055235404,99.0208871260867,,,,,,,,,,,,,
1970-01-01 00:00:00.000000026,11.882727917428731,90.6107234939554,88.49861415692115,84.94142480714957,78.78842547306841,79.91327311256195,76.34668478026938,99.09817681557949,,,,,,,,,,,,,
1970-01-01 00:00:00.000000025,11.206324337868448,90.73190307494949,88.74570572437611,85.18751094800355,78.91208911412173,80.06516278092273,76.40443931556462,99.16574019090596,,,,,,,,,,,,,
1970-01-01 00:00:00.000000024,10.825282221472388,90.7913803090807,88.95330422630605,85.41660029300755,79.03265826965888,80.22014794817667,76.46336601983084,99.2240230915416,,,,,,,,,,,,,
1970-01-01 00:00:00.000000022,13.234157563314222,90.77116119306534,89.11121154473312,85.62341144736035,79.14865455283645,80.37762630108213,76.52323830497772,99.27337499700124,,,,,,,,,,,,,
1970-01-01 00:00:00.000000022,12.647590887115708,90.89236993345618,89.3172109402137,85.84905040609209,79.27033167066912,80.53874633972114,76.58416400601136,99.32389832510566,,,,,,,,,,,,,
1970-01-01 00:00:00.000000024,12.086288563735296,91.06070075633528,89.53692122272624,86.0798336861611,79.39434851024308,80.70320119397878,76.64616495995618,99.37199547317043,,,,,,,,,,,,,
1970-01-01 00:00:00.000000022,12.589038677455337,91.06868999959948,89.6790781090835,86.27672832484718,79.51082909195864,80.87009279706801,76.70901006480759,99.41052443888023,,,,,,,,,,,,,
1970-01-01 00:00:00.000000020,19.025474712489444,90.74143729020692,89.6566552312247,86.40048119260364,79.60955145375644,81.03804517435825,76.77239193538718,99.43402758005458,,,,,,,,,,,,,
1970-01-01 00:00:00.000000018,23.435765497469017,90.52424114075929,89.65654625956508,86.52812728477483,79.70951070837548,81.20858401393227,76.83631961927203,99.45803091334854,,,,,,,,,,,,,
1970-01-01 00:00:00.000000018,21.323647458883627,90.12567648194336,89.55426185839367,86.60668769896718,79.79729087890587,81.38054437223433,76.90054790298223,99.47284900385063,,,,,,,,,,,,,
1970-01-01 00:00:00.000000016,22.918405289921104,89.85856578272268,89.4847946881615,86.69231261217787,79.88677179539278,81.55510192959616,76.96514469105509,99.48924037740858,,,,,,,,,,,,,
1970-01-01 00:00:00.000000020,19.513824721236293,90.16229360518204,89.65683197969405,86.87603387817167,80.00110446305075,81.73470168254858,77.03044265333477,99.5234782677589,,,,,,,,,,,,,
1970-01-01 00:00:00.000000018,17.208001179648104,89.81292204234876,89.54397778072328,86.93640258063614,80.08482915288126,81.91684393906169,77.09566318039792,99.53451978515054,,,,,,,,,,,,,
1970-01-01 00:00:00.000000016,21.13333318586411,89.35857585409386,89.36190626439155,86.96011977751607,80.15902180908219,82.10068733817516,77.1605850735346,99.53903882939612,,,,,,,,,,,,,
1970-01-01 00:00:00.000000015,19.747226070409596,89.0753891256579,89.23288225962087,86.99865006906109,80.23647076831435,82.28632609777644,77.22559180183531,99.54673755296844,,,,,,,,,,,,,
1970-01-01 00:00:00.000000016,18.29285238305457,89.23065126634664,89.28913840230092,87.1105343733764,80.3321446893172,82.47499120077993,77.29105947514817,99.56923564531938,,,,,,,,,,,,,
1970-01-01 00:00:00.000000015,16.943223431629356,89.1657404954992,89.25431649410169,87.18094861018946,80.41745765173305,82.6667668909952,77.35695838461551,99.58325544737522,,,,,,,,,,,,,
1970-01-01 00:00:00.000000015,16.342350449885423,89.11202660050093,89.22184872377497,87.24825144980979,80.5018329091338,82.86018080571338,77.42324261086077,99.5967643069053,,,,,,,,,,,,,
1970-01-01 00:00:00.000000018,14.812649146124372,89.2165133702445,89.2593588806335,87.34182827331603,80.59270482495555,83.05371788320456,77.48985419614401,99.61542998481146,,,,,,,,,,,,,
1970-01-01 00:00:00.000000018,13.165069405909048,89.19040887734795,89.24359815564516,87.41022680792175,80.6772151342173,83.24611048814093,77.55638312704833,99.62895009726566,,,,,,,,,,,,,
1970-01-01 00:00:00.000000017,12.15947802913998,89.2954026634018,89.28648721491534,87.50062488634117,80.7671471011168,83.43820500110982,77.62266472045232,99.64663200738917,,,,,,,,,,,,,
1970-01-01 00:00:00.000000015,15.798958398850967,89.15461741880738,89.22330441723483,87.54340337865837,80.84500112439355,83.62841095110844,77.68855644850147,99.6550102702506,,,,,,,,,,,,,
1970-01-01 00:00:00.000000014,14.881285532317309,89.25058602488966,89.26068223832428,87.62540561671956,80.93245843110823,83.81570330586163,77.75425254972589,99.67110801289357,,,,,,,,,,,,,
1970-01-01 00:00:00.000000015,14.284072991256728,89.27341651278282,89.27014189523621,87.6936147479994,81.01636171502115,83.99834052614531,77.81988159025394,99.6843036356179,,,,,,,,,,,,,
1970-01-01 00:00:00.000000014,16.135994412237164,89.47330016579266,89.36129579365401,87.79476063152225,81.10846592460136,84.17656668609963,77.88558677824288,99.70331291346764,,,,,,,,,,,,,
1970-01-01 00:00:00.000000017,15.135222400783768,89.53969970294663,89.40165961710024,87.87360522838658,81.19500156566565,84.35159444253094,77.95114567471593,99.71758827668191,,,,,,,,,,,,,
1970-01-01 00:00:00.000000015,20.268729718136857,89.44176495034559,89.3696929191767,87.91973937393776,81.27316101217586,84.52312476540348,78.0164602179347,99.72589891729652,,,,,,,,,,,,,
1970-01-01 00:00:00.000000016,19.139890154227597,89.48210153547178,89.39457973343123,87.98733578578242,81.3564474486316,84.6910745558342,78.08151493903841,99.73806179857162,,,,,,,,,,,,,
1970-01-01 00:00:00.000000019,18.01609742462662,89.61687324497899,89.46379612884728,88.07237987586969,81.44400478827714,84.8563010428833,78.14647503847496,99.75291684564877,,,,,,,,,,,,,
1970-01-01 00:00:00.000000021,16.49200029200177,90.07535284403006,89.68611204806429,88.22284620388399,81.54813679277423,85.02084592098866,78.2116605281316,99.77701234238616,,,,,,,,,,,,,
1970-01-01 00:00:00.000000022,15.82012824491514,90.48889250471623,89.90947014800943,88.37657973108308,81.6535588261542,85.18396071957392,78.27711012423946,99.79862068954706,,,,,,,,,,,,,
1970-01-01 00:00:00.000000023,15.274298452890472,90.83770519029645,90.12069612842832,88.52781017035893,81.75882645905433,85.34649969248508,78.34275894344724,99.81736932844925,,,,,,,,,,,,,
1970-01-01 00:00:00.000000021,16.366395447073707,91.2947842083895,90.39364196045862,88.70801762566884,81.87190381051411,85.50927452790157,78.40881150661399,99.8368602715677,,,,,,,,,,,,,
1970-01-01 00:00:00.000000020,17.462914064882092,91.38351413428973,90.5158957674979,88.82685747712853,81.97007823864722,85.67179869335916,78.47485334777092,99.84835407860598,,,,,,,,,,,,,
1970-01-01 00:00:00.000000018,17.316312167700303,91.45629708624038,90.62785332445654,88.94138968955654,82.06736530984519,85.83365527560105,78.54078185615577,99.8586872968921,,,,,,,,,,,,,
1970-01-01 00:00:00.000000017,18.66163812886847,91.55228589897278,90.74679767222432,89.05883484486422,82.165563079398,85.99462672662108,78.60659726656034,99.86857668512579,,,,,,,,,,,,,
1970-01-01 00:00:00.000000016,18.098891489864567,91.57512797454932,90.83040663628172,89.16109607749134,82.26009972812892,86.15400442703431,78.67238684249688,99.8766698446587,,,,,,,,,,,,,
1970-01-01 00:00:00.000000016,17.276865856783303,91.6131846550301,90.91540706725183,89.26322608923493,82.3546799435401,86.31162760188558,78.73805932479077,99.88433092453485,,,,,,,,,,,,,
1970-01-01 00:00:00.000000015,17.9129007309767,91.71016594912174,91.02292379981878,89.37439726712722,82.45162930853462,86.46754611126515,78.80356771717891,99.89218210683835,,,,,,,,,,,,,
1970-01-01 00:00:00.000000014,19.62463285796619,91.44608075734428,90.96536163531113,89.4142146288177,82.53061548447194,86.6199481666253,78.86874840283527,99.89493284792485,,,,,,,,,,,,,
1970-01-01 00:00:00.000000013,24.854067917790463,90.8266079530434,90.72748482626828,89.37243039772054,82.58850703921192,86.76661520246614,78.93336693440828,97.09542143536338,,,,,,,,,,,,,
1970-01-01 00:00:00.000000012,27.041988142623797,90.33102970960267,90.51123318168386,89.3322847639213,82.64582255858136,86.90726135299751,78.9974281760588,94.35930788417775,,,,,,,,,,,,,
1970-01-01 00:00:00.000000010,35.96096463149826,88.99047989561184,89.885510223317,89.1085983276753,82.65559826088054,87.03817554592723,79.06004215296227,80.71166398915653,,,,,,,,,,,,,
1970-01-01 00:00:00.000000008,40.77529649052953,87.45588336717307,89.10659995332618,88.80306495221423,82.64228382299534,87.15670959362447,79.12080565188246,66.5524089005712,,,,,,,,,,,,,
1970-01-01 00:00:00.000000007,38.943976807548765,86.26596859559393,88.41566445841265,88.5169176799422,82.63098059599318,87.26409882682678,79.17977157020918,56.547108294470625,,,,,,,,,,,,,
1970-01-01 00:00:00.000000007,37.51287538311041,85.05149100196343,87.66820229196071,88.19051230533432,82.60672785998769,87.3592888910723,79.23676159477571,47.731987731777764,,,,,,,,,,,,,
1970-01-01 00:00:00.000000006,36.46646026618582,83.9396440344809,86.92493446219616,87.84940422138203,82.57573809187389,87.43998314397487,79.2915559255221,40.60764151983301,,,,,,,,,,,,,
1970-01-01 00:00:00.000000007,34.2523252100876,83.32709669731129,86.37511381550858,87.57597297147029,82.55883430338393,87.50861968720479,79.34443829782995,35.972651860037885,,,,,,,,,,,,,
1970-01-01 00:00:00.000000008,32.54772171655238,82.90179424017326,85.90470205151881,87.32595773382916,82.54531937908779,87.56619112836414,79.39563649227445,32.338042470645306,,,,,,,,,,,,,
1970-01-01 00:00:00.000000012,30.32611536351858,82.93919509672845,85.64871082164885,87.15979462752014,82.55072713176303,87.61572483665172,79.44584448114351,30.15717744230868,,,,,,,,,,,,,
1970-01-01 00:00:00.000000015,28.96217454352259,83.1831035139062,85.51325867264596,87.04210610026905,82.56672723177152,87.6577384625141,79.49500681167149,28.681791811419917,,,,,,,,,,,,,
1970-01-01 00:00:00.000000018,27.342503151587454,83.62639156356637,85.50292095351514,86.97769189093329,82.59491446093008,87.69354208137268,79.54345588806014,27.87788282751664,,,,,,,,,,,,,
1970-01-01 00:00:00.000000021,26.117184303049317,83.99900753796248,85.50169827006349,86.91933030444754,82.62371602286657,87.72359668160148,79.59150703397731,27.135765166205186,,,,,,,,,,,,,
1970-01-01 00:00:00.000000020,25.319880515363497,84.34924722910046,85.52428988129883,86.8734822922595,82.65482537580972,87.74859809849949,79.63931459433107,26.538096008479556,,,,,,,,,,,,,
1970-01-01 00:00:00.000000022,23.50553538193448,84.731942949296,85.59142042209695,86.84953105844846,82.69072488281738,87.76860771154661,79.68707279622694,26.21328385862158,,,,,,,,,,,,,
1970-01-01 00:00:00.000000024,21.486646633625995,85.39954972076492,85.81674372978273,86.89739167602463,82.74424977758179,87.78495887134386,79.73522383623397,28.10686966770174,,,,,,,,,,,,,
1970-01-01 00:00:00.000000020,26.25517793763104,85.14779376831116,85.66438247784758,86.78928886357252,82.75814550077497,87.79521008211837,79.78321379934275,26.455421774071176,,,,,,,,,,,,,
1970-01-01 00:00:00.000000019,24.30794251320724,85.16577834960987,85.62559467757096,86.72844289538556,82.78281785076533,87.80176931617403,79.83158706609169,25.545616843675692,,,,,,,,,,,,,
1970-01-01 00:00:00.000000018,23.335204107711387,85.12980895898477,85.56744347019945,86.66010911111492,82.80473937858343,87.80440895270081,79.88041666912179,24.525522782142474,,,,,,,,,,,,,
1970-01-01 00:00:00.000000017,24.35386203805825,85.06866955488313,85.49986787640646,86.58810922199184,82.82483263788586,87.80403738316132,79.92970624723269,23.46241434638783,,,,,,,,,,,,,
1970-01-01 00:00:00.000000018,23.053710545317497,85.14024295591823,85.4932013931021,86.54255735289642,82.85072023910152,87.80104227797568,79.97960226539566,22.789359482077145,,,,,,,,,,,,,
1970-01-01 00:00:00.000000018,21.586967690445565,85.08241073436349,85.43482688901504,86.47622498016106,82.8706243347139,87.79304610001547,80.0300385431577,21.808282156102187,,,,,,,,,,,,,
1970-01-01 00:00:00.000000017,23.001857892390287,84.95162499862361,85.34334099507404,86.39592133606314,82.88612540656415,87.78223647512401,80.0809556990245,20.64931488683271,,,,,,,,,,,,,
1970-01-01 00:00:00.000000016,24.84721503453017,84.91353083385984,85.2904149205041,86.33181281993537,82.9047824092332,87.76967033597239,80.13251864321009,19.74708369969739,,,,,,,,,,,,,
1970-01-01 00:00:00.000000018,23.26807980693628,85.05389290439257,85.3199536719604,86.30371589313489,82.9317531433356,87.75577165245386,80.18488328470548,19.348079173066523,,,,,,,,,,,,,
1970-01-01 00:00:00.000000017,22.103734325471223,84.8335028122836,85.19558901485924,86.21148948335893,82.94190428065413,87.73779075465353,80.23753912723811,18.058251421116978,,,,,,,,,,,,,
1970-01-01 00:00:00.000000016,21.390634097725343,84.69675525275657,85.10051410574916,86.1306375434095,82.95392279542024,87.71678453331793,80.2906836170544,16.98899613908436,,,,,,,,,,,,,
1970-01-01 00:00:00.000000015,24.238111674747245,84.42910830376776,84.94215105139128,86.02192707142531,82.95794864330475,87.69225804575024,80.34410808633142,15.647423575451562,,,,,,,,,,,,,
1970-01-01 00:00:00.000000014,24.0111986528954,84.22937520502593,84.80472302945194,85.92030023764623,82.96265007779981,87.66382748503683,80.39753047860687,14.49506333658118,,,,,,,,,,,,,
1970-01-01 00:00:00.000000019,22.600513752966403,84.35011698530981,84.8073013091786,85.87766431093247,82.98126136166692,87.63317623509705,80.45122933626452,14.02829403960399,,,,,,,,,,,,,
1970-01-01 00:00:00.000000024,21.01669006962493,84.70746327818927,84.92816923104482,85.887828394806,83.01266023816484,87.60092030526636,80.50518489262903,14.733213139767741,,,,,,,,,,,,,
1970-01-01 00:00:00.000000026,20.00736159463601,85.10483018065689,85.08872637281596,85.9194546456186,83.04929344764109,87.56844133060555,80.55956854099753,17.013325501257505,,,,,,,,,,,,,
1970-01-01 00:00:00.000000024,23.30612455166192,85.39934571190832,85.22406105137033,85.94525673155175,83.08439906345475,87.53483835290218,80.61443678051454,18.918307803478697,,,,,,,,,,,,,
1970-01-01 00:00:00.000000027,21.668926862079346,85.87412744843292,85.45580590074859,86.01694291441369,83.13105434038089,87.50130491623048,80.67018890786034,24.129317669114098,,,,,,,,,,,,,
1970-01-01 00:00:00.000000030,20.015576870868916,86.42298970288697,85.7433179752899,86.11896235779759,83.18565517998609,87.46778895075599,80.72694911074505,30.932398675222277,,,,,,,,,,,,,
1970-01-01 00:00:00.000000029,18.988276179390876,86.95918644004395,86.04883210377916,86.23602161391031,83.24454391838097,87.43503727846647,80.78461672739294,37.821740123554385,,,,,,,,,,,,,
1970-01-01 00:00:00.000000029,17.951291716884192,87.27305593914454,86.27425954303077,86.32592405789606,83.29712093347715,87.40316097214563,80.84294198143897,42.56049703658159,,,,,,,,,,,,,
1970-01-01 00:00:00.000000026,21.966767366844984,87.72735435824923,86.57155849681597,86.45214460600477,83.35928438722034,87.37245714855007,80.90219450680111,48.49541850779179,,,,,,,,,,,,,
1970-01-01 00:00:00.000000027,20.881665378123504,88.15552850613064,86.87125546052872,86.58610854685385,83.42404996642867,87.34273172196976,80.96248730698775,53.93558734280249,,,,,,,,,,,,,
1970-01-01 00:00:00.000000025,21.17980105761877,88.40995442111544,87.10365569875835,86.69754186192056,83.48378736060405,87.31222563513049,81.02355403956595,57.9174006379298,,,,,,,,,,,,,
1970-01-01 00:00:00.000000027,19.75844939404384,88.72498959890407,87.36560793614927,86.82646689910244,83.54847734020062,87.28122337849086,81.08528469289524,62.00908399255319,,,,,,,,,,,,,
1970-01-01 00:00:00.000000027,18.54878952421695,89.20718894474827,87.70836960814707,86.9954676610249,83.62397494207052,87.2505765283042,81.14782734861055,66.59426581023921,,,,,,,,,,,,,
1970-01-01 00:00:00.000000028,17.700053920762958,89.73250072855252,88.08340399502184,87.18520413956391,83.7056642248735,87.2201202585821,81.21122169279465,70.84818514486194,,,,,,,,,,,,,
1970-01-01 00:00:00.000000031,16.44138506161501,90.1273778411428,88.4128114765202,87.36252500826744,83.78527837479022,87.19083360920489,81.27556578784734,74.15992149964858,,,,,,,,,,,,,
1970-01-01 00:00:00.000000033,14.724083805479964,90.9108774926408,88.92481735125772,87.62457799220334,83.8873639242812,87.16449737525781,81.34132376701379,78.1165084675567,,,,,,,,,,,,,
1970-01-01 00:00:00.000000035,14.101573162868393,91.67904073922983,89.45453338528755,87.9040727268458,83.9954667083738,87.14140213289744,81.40859939286648,81.3895592970836,,,,,,,,,,,,,
1970-01-01 00:00:00.000000036,13.194656980250898,92.27544847273153,89.92785575087397,88.16905338095923,84.10159220786001,87.1215612789668,81.4772449435766,83.85502384983175,,,,,,,,,,,,,
1970-01-01 00:00:00.000000034,12.71334637171418,92.7290166150993,90.34744060848271,88.4190234124734,84.20548969021534,87.10467722543159,81.54718360047869,85.77016360924014,,,,,,,,,,,,,
1970-01-01 00:00:00.000000033,12.038080365049971,93.0991190537982,90.73217589940192,88.66061185938008,84.30871396004996,87.09040151727665,81.61829960470988,87.33394914717584,,,,,,,,,,,,,
1970-01-01 00:00:00.000000031,12.404426446609213,93.49850758434717,91.12889279096018,88.91298244162176,84.41605075354741,87.08037687353271,81.6906188611256,88.72756271133208,,,,,,,,,,,,,
1970-01-01 00:00:00.000000029,14.75074230796816,93.54072348691132,91.3635013642518,89.10108458497652,84.5085237519914,87.07494995727784,81.76388589191919,89.64231505720367,,,,,,,,,,,,,
1970-01-01 00:00:00.000000027,18.211662412915636,93.44581426316186,91.51829009188016,89.25657841961133,84.59367453424188,87.07343583039163,81.8381160376539,90.3401612206197,,,,,,,,,,,,,
1970-01-01 00:00:00.000000026,18.976655282554525,93.36264048523653,91.65571329930336,89.40455359427501,84.67761752766769,87.07935493572363,81.91306685639644,90.9640822696045,,,,,,,,,,,,,
1970-01-01 00:00:00.000000028,17.793431004516975,93.42659310107985,91.83995786886244,89.57231241663494,84.76721738873023,87.09473988501205,81.9890338704843,91.6245464718791,,,,,,,,,,,,,
1970-01-01 00:00:00.000000025,17.78312255415532,93.19502203945764,91.878937861963,89.67805458825588,84.84185938280226,87.11796262317831,82.06571391328309,92.02046179758315,,,,,,,,,,,,,
1970-01-01 00:00:00.000000022,19.97135400197226,93.21094164279658,92.00581806143477,89.81909637131064,84.92576744920375,87.15053430449785,82.1430785666148,92.52783188841744,,,,,,,,,,,,,
1970-01-01 00:00:00.000000020,18.32497613216053,92.93550288699116,91.99017531619246,89.89810231219138,84.99450357273177,87.19150826631403,82.22109071025228,92.80385390156158,,,,,,,,,,,,,
1970-01-01 00:00:00.000000019,20.873298446679915,92.50854177492498,91.8820409535077,89.93349819511172,85.05227664491017,87.23865877078686,82.29962470815848,92.92986319773034,,,,,,,,,,,,,
1970-01-01 00:00:00.000000021,18.565148181322513,92.56207176222514,91.9633273860457,90.04497637222208,85.12913152119391,87.29303914355471,82.37889831507658,93.32622859422973,,,,,,,,,,,,,
1970-01-01 00:00:00.000000021,16.407439479857473,92.37110058604964,91.93095361289132,90.1062406666976,85.19359007204122,87.35196806433825,82.45870880541815,93.54055008049536,,,,,,,,,,,,,
1970-01-01 00:00:00.000000019,15.079490113969952,92.30350583505066,91.9402420872698,90.18180483000572,85.26164516417072,87.41476203893299,82.53900071785793,93.80481632744886,,,,,,,,,,,,,
1970-01-01 00:00:00.000000023,13.264917825569947,92.82576823005223,92.2106580620688,90.36741318216468,85.35769663328404,87.48255646475764,82.6203930428393,94.40979519068487,,,,,,,,,,,,,
1970-01-01 00:00:00.000000022,12.486853061590764,93.10583858306524,92.3938818741641,90.51873501796672,85.44593965180974,87.55454455902802,82.7026104794133,94.85124095344318,,,,,,,,,,,,,
1970-01-01 00:00:00.000000022,11.647305151842769,93.46219772192096,92.62058663808952,90.6900644006874,85.53988686201406,87.63087620119657,82.78559084531376,95.30345405488052,,,,,,,,,,,,,
1970-01-01 00:00:00.000000021,11.102721260382827,93.83246722294692,92.8654010552678,90.87137737427028,85.63713719400448,87.71131312751301,82.86938599987724,95.73079033935531,,,,,,,,,,,,,
1970-01-01 00:00:00.000000019,18.638144911890823,93.58858882962708,92.84246234627508,90.9396792519988,85.70654951303277,87.79215887903248,82.95351945421098,95.88276976331447,,,,,,,,,,,,,
1970-01-01 00:00:00.000000018,17.508418903749682,93.59647683762743,92.91387748476178,91.0451047272,85.78537020314816,87.87727519630504,83.03839718137476,96.11279343798552,,,,,,,,,,,,,
1970-01-01 00:00:00.000000016,23.230277053223215,93.03550971717227,92.72094691663358,91.03516498242163,85.83518384525964,87.96340963804575,83.12330204870193,95.57065984689497,,,,,,,,,,,,,
1970-01-01 00:00:00.000000015,22.35537120744613,92.61754504180423,92.55955959151524,91.03165601606518,85.88603461635489,88.05084057614476,83.20865509784856,95.36615291397463,,,,,,,,,,,,,
1970-01-01 00:00:00.000000014,22.160792208915492,92.41910317211529,92.47463014622836,91.0549375720375,85.94314208975793,88.14017714314566,83.29470554550399,95.4359363935127,,,,,,,,,,,,,
1970-01-01 00:00:00.000000013,23.944473809993852,92.01567804550471,92.28620718194054,91.02933129623456,85.98750861164156,88.22991262201244,83.38100755695339,93.76344618681344,,,,,,,,,,,,,
1970-01-01 00:00:00.000000013,21.81157350253506,91.47726411609128,92.01688001980388,90.96244020220333,86.02070363439574,88.31963692645327,83.46716121340653,89.35798310977039,,,,,,,,,,,,,
1970-01-01 00:00:00.000000012,22.481678347687605,91.10271583388868,91.79757480937428,90.90918853564938,86.05636352564632,88.40990227044502,83.55302799204172,85.89787236094854,,,,,,,,,,,,,
1970-01-01 00:00:00.000000011,26.018586639787333,90.5964655748258,91.50429205748335,90.81751308478368,86.08138940637197,88.49961627574197,83.63834375324198,80.14434652118013,,,,,,,,,,,,,
1970-01-01 00:00:00.000000010,30.343223873238795,89.8090495960911,91.06384602327144,90.65444926503343,86.0871406130862,88.58663094317996,83.72273611312895,71.03079641772592,,,,,,,,,,,,,
1970-01-01 00:00:00.000000009,32.22332707357907,88.67708434240022,90.43524396003193,90.39934236552769,86.06785785402701,88.67038800082331,83.80583580064688,59.610293479137944,,,,,,,,,,,,,
1970-01-01 00:00:00.000000008,30.728298572415596,87.89838134110768,89.92145535784151,90.17911597221044,86.05507886379726,88.75135756939933,83.88773638453122,51.85868403939911,,,,,,,,,,,,,
1970-01-01 00:00:00.000000007,37.69814221553795,86.46165398646036,89.08448164966238,89.80796415243242,86.00194120911144,88.82707831101949,83.96751540782711,41.95639314059711,,,,,,,,,,,,,
1970-01-01 00:00:00.000000006,41.35455476095701,84.83742926826986,88.10775880837559,89.35826086784714,85.92570826569249,88.8958375236235,84.04476452654686,33.58776233619868,,,,,,,,,,,,,
1970-01-01 00:00:00.000000006,38.18697085216984,83.86065386383464,87.3664673027136,88.98944876503327,85.86628382768654,88.95807321270551,84.11953507294807,28.557011510894167,,,,,,,,,,,,,
1970-01-01 00:00:00.000000011,35.008272439191,83.51964491723959,86.89275292345413,88.7214550538892,85.82936169139971,89.01474574588718,84.19222249842493,25.56106038779825,,,,,,,,,,,,,
1970-01-01 00:00:00.000000010,34.5528361161166,82.71036925410418,86.21825416691853,88.35878099693521,85.76611696413765,89.06353227291352,84.26263571770822,22.171159880023733,,,,,,,,,,,,,
1970-01-01 00:00:00.000000009,39.90857668241792,81.48479778365444,85.34227759736734,87.89696652261836,85.67473780928907,89.10256646873484,84.3301774508579,18.759504322519028,,,,,,,,,,,,,
1970-01-01 00:00:00.000000008,41.807499462453166,80.22885690368138,84.42071539613295,87.39924600737015,85.57056224286619,89.13021253059398,84.39477345980525,15.916780458787622,,,,,,,,,,,,,
1970-01-01 00:00:00.000000008,39.49372080406053,79.48871143847245,83.70320759445147,86.97292771600806,85.4805877884858,89.14729183775819,84.45682122462496,13.96477760577743,,,,,,,,,,,,,
1970-01-01 00:00:00.000000011,37.26177298610279,78.9727165873014,83.0855284661029,86.57825357744372,85.39529574265627,89.15413647702886,84.51651264806235,12.4433480231862,,,,,,,,,,,,,
1970-01-01 00:00:00.000000010,40.89896388622852,77.992644705388,82.26614925806939,86.0878262676512,85.28262968728392,89.14937452122395,84.57328687249496,10.860025666515051,,,,,,,,,,,,,
1970-01-01 00:00:00.000000009,39.41735156392139,77.75955460708384,81.77169879950556,85.72466422632634,85.19849600098127,89.1348249136304,84.62760251073371,9.859564335810772,,,,,,,,,,,,,
1970-01-01 00:00:00.000000011,36.32856261094345,77.34471796545223,81.21839630854376,85.33096646838906,85.1038380447419,89.10972207206109,84.67926793088091,8.902126883461754,,,,,,,,,,,,,
1970-01-01 00:00:00.000000010,33.92838828529156,77.29014815165867,80.84143927108381,85.00708028909868,85.02391795371447,89.07591284060464,84.72863984883398,8.1969185068342,,,,,,,,,,,,,
1970-01-01 00:00:00.000000012,32.291186693474515,77.52378569661991,80.62479350793663,84.75026678272089,84.95858877881648,89.03438883827702,84.77603150925759,7.677571448073241,,,,,,,,,,,,,
1970-01-01 00:00:00.000000011,31.72997155238607,77.58745201920999,80.37182294444878,84.4793589602444,84.88777811743094,88.9840666642614,84.82146217003454,7.16206546100714,,,,,,,,,,,,,
1970-01-01 00:00:00.000000010,33.475755883519305,77.28134314612971,79.97955791802694,84.14906675214888,84.79990875958396,88.92334391651312,84.86465175374161,6.581813170515642,,,,,,,,,,,,,
1970-01-01 00:00:00.000000010,31.31890936224893,77.3445615164155,79.76300128889345,83.89214001667476,84.72824235399167,88.85393621668125,84.90584801597666,6.163499916197634,,,,,,,,,,,,,
1970-01-01 00:00:00.000000011,29.79570698793309,77.4621970646949,79.59661383152245,83.65843802613114,84.66062540776105,88.77461341735982,84.94524516032418,5.802263661415952,,,,,,,,,,,,,
1970-01-01 00:00:00.000000012,28.45112902894361,77.81366329140437,79.56233331940605,83.4843631309198,84.60648513701958,88.68621922544129,84.98288513019733,5.541727782304229,,,,,,,,,,,,,
1970-01-01 00:00:00.000000015,27.29368218895375,78.10027603107272,79.53364183489151,83.318181321462,84.55315421018103,88.58920178425134,85.0188941909904,5.297189092818212,,,,,,,,,,,,,
1970-01-01 00:00:00.000000014,27.946405057298477,78.28062976040506,79.4853148206045,83.14892106092367,84.49791928946017,88.48379973722034,85.053414912605,5.052634147471178,,,,,,,,,,,,,
1970-01-01 00:00:00.000000013,26.01067317597147,78.82726564914437,79.62426885546786,83.06519118418555,84.4632515274168,88.37189132371647,85.08680994996062,4.9313492119718045,,,,,,,,,,,,,
1970-01-01 00:00:00.000000013,25.03671670897487,78.99634010720612,79.62866604492106,82.93214988047056,84.41558373052165,88.25227467249344,85.1187616332261,4.736784808232215,,,,,,,,,,,,,
1970-01-01 00:00:00.000000012,23.841667236981323,79.24215417805006,79.68291553733057,82.82600323658646,84.37389046416249,88.12677304552564,85.1494141395001,4.581472051039627,,,,,,,,,,,,,
1970-01-01 00:00:00.000000015,22.068280928367013,79.38080830337755,79.70587092527211,82.71264721964924,84.32972662675478,87.99589442152639,85.17887600985287,4.414986758624657,,,,,,,,,,,,,
1970-01-01 00:00:00.000000014,23.33810376607514,79.57691379358096,79.76545863701051,82.62043892689415,84.29024015041288,87.86021212817877,85.20728091248284,4.27877932584512,,,,,,,,,,,,,
1970-01-01 00:00:00.000000014,21.94243620771036,79.89510342256008,79.8929498462347,82.5634751234268,84.25917171049312,87.7200353823146,85.23489433801485,4.19272330006247,,,,,,,,,,,,,
1970-01-01 00:00:00.000000012,22.97430225550611,79.86510617554808,79.87951051362245,82.45295128280222,84.21425574509021,87.57553331620555,85.26145968163316,4.02363197790717,,,,,,,,,,,,,
1970-01-01 00:00:00.000000012,21.84007733893012,80.06765867090722,79.9702703444153,82.39118333650973,84.18105786357035,87.42697505550952,85.28738754813399,3.9282822024515474,,,,,,,,,,,,,
1970-01-01 00:00:00.000000011,21.025169247221747,80.11993809395234,80.00288720275326,82.31031558943613,84.14272948469038,87.27521932105441,85.3126230763068,3.801275218306171,,,,,,,,,,,,,
1970-01-01 00:00:00.000000019,18.396802546512635,80.88986221832594,80.36349370394117,82.37538394733355,84.14100639246281,87.12405703609886,85.33792978189902,6.422918547537154,,,,,,,,,,,,,
1970-01-01 00:00:00.000000018,16.878311617628906,81.17285016284436,80.53997627093906,82.37261602551332,84.12273570140268,86.9706098291647,85.36287960520433,6.414909820299257,,,,,,,,,,,,,
1970-01-01 00:00:00.000000017,17.867659651924427,81.15776102627159,80.5906515626701,82.32260772961007,84.09263290317958,86.81493717042292,85.3871232118874,6.262965651500908,,,,,,,,,,,,,
1970-01-01 00:00:00.000000015,17.74230351499901,81.2481357009001,80.68328636601046,82.29464799117102,84.06792645040579,86.65719403364625,85.41074191191383,6.174901481318101,,,,,,,,,,,,,
1970-01-01 00:00:00.000000015,16.98968452533836,81.41556330925523,80.81073976388913,82.28643723632807,84.04819856276669,86.49557451472948,85.43420896044564,6.14756409770306,,,,,,,,,,,,,
1970-01-01 00:00:00.000000014,19.50582109269143,81.4269345951581,80.87089248887825,82.25451498152185,84.02256892272692,86.3302901140006,85.45714482570169,6.0356850801479425,,,,,,,,,,,,,
1970-01-01 00:00:00.000000019,17.955830804463424,81.8403284988804,81.1093480911411,82.30311847690412,84.01730857636913,86.16255119552494,85.47991294907578,8.75836911388468,,,,,,,,,,,,,
1970-01-01 00:00:00.000000024,16.78718482574731,82.51314262088167,81.4816254563907,82.41689418796226,84.02912042246383,85.99346153179879,85.5030321776449,14.969567747838935,,,,,,,,,,,,,
1970-01-01 00:00:00.000000027,15.885577566703514,83.15384295412721,81.86662716827422,82.5462961526347,84.04591170469912,85.82559386981151,85.52647820354167,21.513702259630524,,,,,,,,,,,,,
1970-01-01 00:00:00.000000027,14.957879162844945,83.92617494923928,82.33470678294815,82.72155916349952,84.07545987609204,85.6591229585375,85.55042525850723,29.435080688429643,,,,,,,,,,,,,
1970-01-01 00:00:00.000000028,14.516778409845404,84.6062414730633,82.78850685434917,82.90214537545481,84.10780860934844,85.49646256639816,85.57492167374404,36.54186633117771,,,,,,,,,,,,,
1970-01-01 00:00:00.000000030,12.94415923934935,85.10455952366549,83.18026366086963,83.06668209508695,84.13756008314671,85.33716308797858,85.6002491576891,42.24886559177869,,,,,,,,,,,,,
1970-01-01 00:00:00.000000029,12.41161972826046,85.39893997733083,83.48900894551713,83.20432051457342,84.16182776184169,85.18015074682931,85.62622741134265,46.577088320831606,,,,,,,,,,,,,
1970-01-01 00:00:00.000000032,11.216451024063478,86.02776709416935,83.94846954697225,83.41368345759108,84.20542226731116,85.02783779005644,85.6534736549102,52.41867031875715,,,,,,,,,,,,,
1970-01-01 00:00:00.000000034,10.390712808425926,86.47228691752298,84.33955106187818,83.60335729105564,84.24567046575521,84.88065613183349,85.6820102102127,57.005457073140704,,,,,,,,,,,,,
1970-01-01 00:00:00.000000032,14.623095725430746,86.57910364290511,84.58198919665594,83.73680879118811,84.27314011827937,84.73720853694425,85.71154780539375,59.93209710994228,,,,,,,,,,,,,
1970-01-01 00:00:00.000000031,15.459589431633068,86.55479139821081,84.75249403509027,83.84350422758989,84.29487546455951,84.59772835980039,85.74192557742248,62.150416838091054,,,,,,,,,,,,,
1970-01-01 00:00:00.000000034,14.1786688799446,86.87378306974053,85.06133546425109,84.01237660124752,84.3332324226819,84.46488690652467,85.77340389998373,65.41421033031669,,,,,,,,,,,,,
1970-01-01 00:00:00.000000038,13.043535894424824,87.18385616770648,85.36704574564374,84.18538726627979,84.37393805588478,84.3406078045397,85.80594444019911,68.4188251459958,,,,,,,,,,,,,
1970-01-01 00:00:00.000000036,12.183675966085875,87.62400143807145,85.7322763614517,84.38927727621122,84.42379521472704,84.22481103061973,85.83993000608305,71.5550294841022,,,,,,,,,,,,,
1970-01-01 00:00:00.000000034,11.517729583062286,87.76756662897279,85.96950827337227,84.54427924155894,84.46278060953153,84.11953733240225,85.87476362372134,73.6937815061925,,,,,,,,,,,,,
1970-01-01 00:00:00.000000033,10.634245483195812,88.24281154292433,86.34898853931392,84.76386794576175,84.51930807808078,84.02764947396054,85.91025809145636,76.40090332428136,,,,,,,,,,,,,
1970-01-01 00:00:00.000000036,9.631663821158108,88.6358126498668,86.6997911337069,84.97735614701175,84.57591015767836,83.94740762160012,85.9461918893859,78.69627724599945,,,,,,,,,,,,,
1970-01-01 00:00:00.000000033,8.892653956010086,88.9264327126669,87.00789311826692,85.17780935551589,84.63076590699369,83.87653470763266,85.98260143997399,80.60391520349545,,,,,,,,,,,,,
1970-01-01 00:00:00.000000030,16.546697330372087,88.62474297189134,87.04517410831438,85.26565934191876,84.65849942044439,83.81467227453231,86.01876420728995,81.39040092139305,,,,,,,,,,,,,
1970-01-01 00:00:00.000000027,23.04900547020503,88.20044897956386,86.99591037212707,85.31419321126525,84.6768553765619,83.76301680830525,86.054031233951,81.82877895007368,,,,,,,,,,,,,
1970-01-01 00:00:00.000000026,21.807044319445133,87.75673979888546,86.90372789067659,85.34037791184983,84.68984092581175,83.72183944639484,86.08792435484116,82.07412524235124,,,,,,,,,,,,,
1970-01-01 00:00:00.000000025,21.62840389641336,87.34139952953807,86.79248339626494,85.353697933038,84.6996936375166,83.68945485073546,86.12027558133732,82.20574382601336,,,,,,,,,,,,,
1970-01-01 00:00:00.000000027,20.38541716824671,87.31464031454843,86.83022158338538,85.42640011035377,84.72464796405465,83.66641778139365,86.15179649485499,82.94194019829712,,,,,,,,,,,,,
1970-01-01 00:00:00.000000025,21.453157281841143,87.1340746173614,86.79218433295155,85.46504370714825,84.74143566419951,83.65396213018361,86.18240559723915,83.33657280906193,,,,,,,,,,,,,
1970-01-01 00:00:00.000000026,20.24118393783747,87.21280778959226,86.85905307345737,85.54593377661364,84.76916009021261,83.65038752118933,86.21218603480102,84.16251907220557,,,,,,,,,,,,,
1970-01-01 00:00:00.000000027,19.369842150776,87.38555842649804,86.96973560988134,85.64517405886883,84.80206955174404,83.65667167299894,86.24135662747827,85.13594357809521,,,,,,,,,,,,,
1970-01-01 00:00:00.000000027,18.28587348601717,87.35362648973359,86.99302316740811,85.70716326215538,84.8261872551364,83.67067333246007,86.26991443229598,85.72610578112894,,,,,,,,,,,,,
1970-01-01 00:00:00.000000026,17.41143179449256,87.44699268348609,87.06824446659793,85.79003754436482,84.85598098850318,83.69146874769294,86.29776042100868,86.49793741075018,,,,,,,,,,,,,
1970-01-01 00:00:00.000000024,21.998211802783565,87.3277647400506,87.04848160293527,85.83163814914693,84.87583046091916,83.718514331471,86.32491430413042,86.88140783729376,,,,,,,,,,,,,
1970-01-01 00:00:00.000000022,22.961319181059025,87.21774920659126,87.02386391837332,85.86873810693544,84.89475440730558,83.75290775856672,86.35141161539086,87.22973717166269,,,,,,,,,,,,,
1970-01-01 00:00:00.000000026,21.276910130462372,87.24864547123005,87.05553361031986,85.92769859410602,84.91940591101185,83.79361893011536,86.37754686234017,87.78484106385753,,,,,,,,,,,,,
1970-01-01 00:00:00.000000024,24.844482496003852,86.95504888430827,86.9396362399836,85.92193247420465,84.9279756286796,83.83888881907681,86.40291372182388,87.38478803497321,,,,,,,,,,,,,
1970-01-01 00:00:00.000000027,21.911649929842746,87.22325541604037,87.06294944934588,86.01503635925422,84.96148912036408,83.88950228364352,86.42793759215083,88.31106684467163,,,,,,,,,,,,,
1970-01-01 00:00:00.000000029,20.32344338832139,87.6975984734573,87.29313319968944,86.1554259413668,85.0075934147199,83.94624717604161,86.45275366657351,89.55630678948339,,,,,,,,,,,,,
1970-01-01 00:00:00.000000028,19.170693989414136,87.9545021186096,87.4466771541921,86.26627655932178,85.04714091008806,84.00859428600957,86.47717471263677,90.42378756813034,,,,,,,,,,,,,
1970-01-01 00:00:00.000000027,18.633410631107353,88.22405243951658,87.61536593318777,86.38533448731484,85.08948034106375,84.07499715207216,86.50120902608259,91.26317819954102,,,,,,,,,,,,,
1970-01-01 00:00:00.000000025,20.440289879370273,88.21651001801952,87.667272696719,86.45596216749979,85.12029486833706,84.14547339781275,86.52451827761607,91.72647796367347,,,,,,,,,,,,,
1970-01-01 00:00:00.000000024,25.04338606765936,87.92325684254062,87.58390646434681,86.46750263703412,85.13651326905634,84.21830338582168,86.54666039777283,91.80296688063004,,,,,,,,,,,,,
1970-01-01 00:00:00.000000023,25.253912496286137,87.6923148856536,87.50978288196123,86.47930830060554,85.15275241123594,84.29363660744082,86.56755705308909,91.88561167032891,,,,,,,,,,,,,
1970-01-01 00:00:00.000000020,29.867972545189257,87.06667539485102,87.24199511375026,86.40420277633241,85.14689534676235,84.36931188442959,86.5867636235648,85.94865299064124,,,,,,,,,,,,,
1970-01-01 00:00:00.000000019,31.807963810089507,86.41615006929878,86.93036362769023,86.3026281093033,85.13363319174074,84.44409494414712,86.60389495127455,78.55609700839383,,,,,,,,,,,,,
1970-01-01 00:00:00.000000017,33.827937349329034,85.99451673512652,86.69196542503089,86.22440674809287,85.12541777091185,84.51952405345291,86.6192797049159,73.32568026597006,,,,,,,,,,,,,
1970-01-01 00:00:00.000000018,31.409577855973485,85.74685545353091,86.51598768885975,86.16683041785976,85.12174406500377,84.59503699507994,86.63295881153991,69.64965361573805,,,,,,,,,,,,,
1970-01-01 00:00:00.000000017,30.529259806777414,85.5560430176099,86.35933365113848,86.11294660829373,85.118470922804,84.67108961545709,86.6444500867001,66.29974173938652,,,,,,,,,,,,,
1970-01-01 00:00:00.000000016,29.232686074836636,85.33936413820902,86.18781683018094,86.04862119701184,85.11204483024481,84.74455436045064,86.65397246363527,62.43892823343394,,,,,,,,,,,,,
1970-01-01 00:00:00.000000019,27.61378800454445,85.28310324904378,86.08511163583564,86.0097756478107,85.11150766469395,84.81729755289658,86.66178441349504,60.16056850104884,,,,,,,,,,,,,
1970-01-01 00:00:00.000000018,26.24819624633666,85.25272619054363,85.99839402862722,85.97532240501589,85.1117037870009,84.89035184640471,86.6682454794544,58.13440895488059,,,,,,,,,,,,,
1970-01-01 00:00:00.000000019,24.85965580540779,85.19184159696616,85.9029312280844,85.93504714296257,85.11007791073877,84.96315982944054,86.67321359113348,55.76982914985361,,,,,,,,,,,,,
1970-01-01 00:00:00.000000018,25.70705011300414,85.34253730345183,85.90678476456713,85.9354500051756,85.1183887785861,85.03614008481749,86.67695328641932,55.78920014487389,,,,,,,,,,,,,
1970-01-01 00:00:00.000000020,23.43266539813901,85.5893222011599,85.96766449433305,85.96058772230566,85.13289696777422,85.11026153963317,86.67967322356583,57.05311824478751,,,,,,,,,,,,,
1970-01-01 00:00:00.000000020,21.553283278002382,85.76845635711933,86.01469435675341,85.98115263440964,85.14635065944768,85.18382222278328,86.68146192950107,58.10824544163529,,,,,,,,,,,,,
1970-01-01 00:00:00.000000017,28.2575675452489,85.46538764428922,85.85455057822753,85.91338636611785,85.13746272047774,85.2537520663464,86.68178360930118,53.4483232722141,,,,,,,,,,,,,
1970-01-01 00:00:00.000000017,27.1853335670762,85.29427971992357,85.74139580043057,85.86226721538621,85.13221282298504,85.32007148760141,86.68069577694732,50.17928424304898,,,,,,,,,,,,,
1970-01-01 00:00:00.000000016,28.693874918855503,85.1171467983998,85.62023391969184,85.80526125055948,85.12501284576435,85.38174552934261,86.67833844157589,46.745690172863,,,,,,,,,,,,,
1970-01-01 00:00:00.000000014,28.76370146472675,84.62785287573156,85.35209239836155,85.68233638524572,85.10059159540907,85.43734934953844,86.67474771753909,40.33619862857093,,,,,,,,,,,,,
1970-01-01 00:00:00.000000013,30.436798818388972,84.03886066972588,85.01852871175623,85.52549542291072,85.06658463272544,85.48652561609491,86.66973455822976,33.94153230038151,,,,,,,,,,,,,
1970-01-01 00:00:00.000000013,28.017190519977618,83.94986294984321,84.88901447162498,85.44974548751472,85.05193077638302,85.53143411555374,86.66394984717252,31.355994164553877,,,,,,,,,,,,,
1970-01-01 00:00:00.000000016,27.127296293799816,83.97836722755035,84.81659355042079,85.396515638529,85.04238305063174,85.57109075917249,86.65747086230425,29.646935530360693,,,,,,,,,,,,,
1970-01-01 00:00:00.000000015,27.811036319393473,83.88854247588795,84.69956172485874,85.32328927894898,85.027326935394,85.60548939893037,86.64970713930813,27.431860013753003,,,,,,,,,,,,,
1970-01-01 00:00:00.000000014,26.747955778143464,83.89792199340567,84.63009611927853,85.26886381951869,85.01646238940478,85.63613049949697,86.64136944550256,25.883906570061338,,,,,,,,,,,,,
1970-01-01 00:00:00.000000013,27.411191195828668,83.86480365917767,84.54848104682281,85.20860760394014,85.00368495590091,85.66343256702397,86.63261188463468,24.25221355548558,,,,,,,,,,,,,
1970-01-01 00:00:00.000000018,24.861449174584447,84.1540392774398,84.61779929261058,85.2126222763538,85.00674263544904,85.68743748052611,86.62368174567115,24.593289876166633,,,,,,,,,,,,,
1970-01-01 00:00:00.000000016,22.966783659146913,84.09739524031122,84.54989200162751,85.16000254362608,84.99543991362167,85.70692978607303,86.6139290865224,23.123617257195956,,,,,,,,,,,,,
1970-01-01 00:00:00.000000015,23.04895800486183,84.04653954429976,84.48563970695719,85.108359963886,84.98397401159811,85.72131143982651,86.60356614329088,21.749876617649573,,,,,,,,,,,,,
1970-01-01 00:00:00.000000014,25.9189153561334,83.9855440133695,84.41799626902002,85.0547600394061,84.97161170192697,85.73152105578347,86.59259868623886,20.395544404350943,,,,,,,,,,,,,
1970-01-01 00:00:00.000000013,24.137553132342067,83.88505081128154,84.33300369937544,84.99312544974036,84.95680042133993,85.73610620586305,86.58085517212099,18.93542465672516,,,,,,,,,,,,,
1970-01-01 00:00:00.000000015,22.5540611994793,83.73818743857602,84.22552463104621,84.92087480260363,84.93882961065749,85.73497657897488,86.5684084120944,17.36595222962634,,,,,,,,,,,,,
1970-01-01 00:00:00.000000013,28.474369583650503,83.23296022918113,83.95157251836942,84.77543074727022,84.90174724031863,85.72692900680997,86.55478244139904,14.720808778806548,,,,,,,,,,,,,
1970-01-01 00:00:00.000000012,33.74068667189451,82.53151741430194,83.5674064853163,84.5774039005061,84.85024474195511,85.71316389798172,86.53995244400826,12.033308799634069,,,,,,,,,,,,,
1970-01-01 00:00:00.000000013,30.804199463919534,82.2713183625939,83.35496245535678,84.44615363600631,84.81422760179399,85.69580310647655,86.52405618410471,10.646025667710086,,,,,,,,,,,,,
1970-01-01 00:00:00.000000015,28.63638522661215,82.26625512952825,83.2541478864394,84.35987318742825,84.7886731201569,85.6761930119881,86.50738747630184,9.84270078842081,,,,,,,,,,,,,
1970-01-01 00:00:00.000000018,27.585539632285688,82.31390589805619,83.1859988942329,84.28711380643765,84.76594511868437,85.65486132945608,86.48984924217645,9.211462162720705,,,,,,,,,,,,,
1970-01-01 00:00:00.000000016,28.050589715567508,82.21539473797621,83.06193991272592,84.190417190407,84.73664566573882,85.63014167105716,86.47143330198652,8.4370423174626,,,,,,,,,,,,,
1970-01-01 00:00:00.000000015,26.566712420724983,82.26029491635754,83.00539043246745,84.12176928607272,84.7137924315512,85.60327618263564,86.45244345154721,7.927494945345575,,,,,,,,,,,,,
1970-01-01 00:00:00.000000018,24.21630219833248,82.19651260544931,82.90866251695371,84.03626395570973,84.68620627165335,85.57308278621757,86.43268809239686,7.333407030046697,,,,,,,,,,,,,
1970-01-01 00:00:00.000000016,27.600349907519096,81.91838409558993,82.71749956597176,83.9095818420016,84.64759596105135,85.53837094188022,86.4118741022275,6.550200768035419,,,,,,,,,,,,,
1970-01-01 00:00:00.000000020,24.20315485610624,82.0374553843821,82.6989760181153,83.85484296739568,84.62636356879761,85.50132453598503,86.39003408604508,6.2400834598527135,,,,,,,,,,,,,
1970-01-01 00:00:00.000000019,22.69466931851384,82.29334473963459,82.7551511219816,83.83374724948388,84.61333410204983,85.46219873008742,86.36731992363706,6.119831004669549,,,,,,,,,,,,,
1970-01-01 00:00:00.000000024,20.049839294129704,82.93010425850456,83.0026048685273,83.89819411554272,84.62192920883525,85.42352984941533,86.34417184336299,11.71705325168338,,,,,,,,,,,,,
1970-01-01 00:00:00.000000022,18.3435098263927,83.3324256919599,83.17888728282311,83.93911636300305,84.62511112144169,85.3849374145367,86.32032733704966,15.175356628755198,,,,,,,,,,,,,
1970-01-01 00:00:00.000000020,18.920449958891375,83.41240661802105,83.2292002864088,83.93100710650354,84.61622773040511,85.34500358478462,86.29584808519654,15.049546408639566,,,,,,,,,,,,,
1970-01-01 00:00:00.000000021,17.780867295614517,83.67210669090122,83.36390089513726,83.96159141536309,84.61716981251473,85.30579676360782,86.27094909382556,17.81688272940255,,,,,,,,,,,,,
1970-01-01 00:00:00.000000018,25.53890346953757,83.35181041375614,83.24633038695895,83.88743588163025,84.59183106119794,85.26324475405532,86.2450920990094,16.42018073968408,,,,,,,,,,,,,
1970-01-01 00:00:00.000000017,26.320094939808676,82.71706844819242,82.9674004050479,83.7419717523874,84.54791334502619,85.21497567027572,86.21799647738388,14.087280248010984,,,,,,,,,,,,,
1970-01-01 00:00:00.000000016,29.4574204817522,81.94340115747973,82.59297600410072,83.55007999718119,84.49120507288293,85.16065173903293,86.1894307469236,11.72144488808723,,,,,,,,,,,,,
1970-01-01 00:00:00.000000019,26.1529228982196,82.00392136543691,82.56143293075208,83.49893969130214,84.46886474576237,85.10292384311266,86.16005345904449,11.182448375354378,,,,,,,,,,,,,
1970-01-01 00:00:00.000000020,24.962928452796312,81.95263812994719,82.48743949959173,83.43025598528983,84.4417865412074,85.04240971946847,86.13013366582685,10.485095977815874,,,,,,,,,,,,,
1970-01-01 00:00:00.000000019,23.81970943714673,81.9817745054226,82.45206500029468,83.37802320184021,84.4184684662434,84.98062013076458,86.10016162984745,9.975613621753395,,,,,,,,,,,,,
1970-01-01 00:00:00.000000019,22.880652248933504,82.22110380843965,82.5180973657686,83.37019566531737,84.40612968568881,84.91843787805882,86.07035118435442,9.897994174006513,,,,,,,,,,,,,
1970-01-01 00:00:00.000000021,20.938359147702148,82.47349864733766,82.60582287823779,83.37462242365511,84.39694509183052,84.85784627100527,86.04168130483431,10.322963487721271,,,,,,,,,,,,,
1970-01-01 00:00:00.000000020,20.344631993648445,82.7788126507803,82.73257249517533,83.39914972721965,84.3929960726536,84.7997767033636,86.01466172870934,12.777669434330804,,,,,,,,,,,,,
1970-01-01 00:00:00.000000021,19.2738619830317,83.00644703224533,82.84024631907808,83.41945697548968,84.38825963967302,84.74367770791156,85.98917442518709,14.855736574453697,,,,,,,,,,,,,
1970-01-01 00:00:00.000000020,18.616978880085217,83.23840347540565,82.9607902217116,83.44874216264878,84.3860503820449,84.68931594280731,85.96546557447365,17.893750173050094,,,,,,,,,,,,,
1970-01-01 00:00:00.000000030,16.24472080210204,84.04619000444562,83.3532034852474,83.5988831021765,84.41481939436889,84.63903467268497,85.94421296887762,31.406743207775413,,,,,,,,,,,,,
1970-01-01 00:00:00.000000031,15.067172486106193,84.75704630287291,83.7393187590051,83.75580813725124,84.44651742523669,84.59317841148977,85.92511214470653,42.12749843549178,,,,,,,,,,,,,
1970-01-01 00:00:00.000000030,16.15239457208744,85.24264418341161,84.05256575414704,83.89028764973419,84.47376636334943,84.55078865152824,85.90793379428605,49.422859686970945,,,,,,,,,,,,,
1970-01-01 00:00:00.000000029,15.57008594501728,85.61265782719805,84.32894272216492,84.01587293415025,84.49982552791654,84.51159966211092,85.89221418581921,55.11345888452291,,,,,,,,,,,,,
1970-01-01 00:00:00.000000028,14.98258311515916,85.89389823441469,84.57348064408458,84.1336371274495,84.52489054617888,84.47557146180067,85.87767184095512,59.69320294512933,,,,,,,,,,,,,
1970-01-01 00:00:00.000000026,20.321446056307117,86.0653459434888,84.77144938369372,84.23628417263915,84.54704224999587,84.44158814514992,85.86396480236364,63.21610564332181,,,,,,,,,,,,,
1970-01-01 00:00:00.000000024,18.912645887246157,85.93108840029885,84.82805018767966,84.28168707675287,84.55547026967292,84.40801013223887,85.85077658622517,64.68634125903942,,,,,,,,,,,,,
1970-01-01 00:00:00.000000024,18.03424177259245,85.96954723391096,84.94580767683236,84.3539104293649,84.57107138707279,84.37546528813799,85.83817872691068,66.9493582975944,,,,,,,,,,,,,
1970-01-01 00:00:00.000000023,18.331623780645316,85.8489104922069,84.9840400267013,84.3936144723463,84.57898474168292,84.34506985026255,85.82589914398018,68.15743610974283,,,,,,,,,,,,,
1970-01-01 00:00:00.000000023,17.539138518722748,85.94996274435147,85.10859745635842,84.47049907158487,84.59664829403363,84.31723448738653,85.81376468095797,70.41275928681326,,,,,,,,,,,,,
1970-01-01 00:00:00.000000024,16.87009866161347,86.02526407975853,85.21931308954281,84.5432822225575,84.61386044455456,84.29199490682649,85.8025346477529,72.40528035459634,,,,,,,,,,,,,
1970-01-01 00:00:00.000000024,16.093977805403334,86.16120552650214,85.35437292808224,84.62805434377,84.63466751787718,84.27090926599696,85.79203270499482,74.5546621172508,,,,,,,,,,,,,
1970-01-01 00:00:00.000000023,15.575035103145968,86.32904071514703,85.50401006823172,84.72108678008203,84.65820696018415,84.2548210931404,85.78233759333968,76.69961021120393,,,,,,,,,,,,,
1970-01-01 00:00:00.000000023,15.10205423697,86.48915878061372,85.65179379316342,84.81553949625452,84.6827982445851,84.24213697331521,85.77347474471098,78.66590044761301,,,,,,,,,,,,,
1970-01-01 00:00:00.000000021,22.504901549186933,86.22398083308472,85.60738245223664,84.82917594906684,84.68757904854913,84.23079017952595,85.76490783769185,78.94219302816589,,,,,,,,,,,,,
1970-01-01 00:00:00.000000020,21.501956647926548,86.11523355562794,85.61400626983337,84.86255118423287,84.69745631618348,84.22157541763163,85.7568394687122,79.63727868481327,,,,,,,,,,,,,
1970-01-01 00:00:00.000000018,23.31514934525747,85.95622645631876,85.58729643249234,84.88049812050147,84.70365275143621,84.21380810365127,85.74926235263437,80.01921279840158,,,,,,,,,,,,,
1970-01-01 00:00:00.000000018,21.71442374627473,85.87148903859017,85.58231851750901,84.90606836548871,84.7119003794585,84.20775731888227,85.74213363036215,80.57816183963735,,,,,,,,,,,,,
1970-01-01 00:00:00.000000016,25.285567372755033,85.55074958048152,85.46281608392154,84.88103790990276,84.70748138810117,84.20112563155323,85.73502024044599,78.26996258735424,,,,,,,,,,,,,
1970-01-01 00:00:00.000000015,23.919488137351955,85.21845763557663,85.31976824501567,84.84214582935587,84.6993401788261,84.19476849726783,85.72817352217596,74.68986614015364,,,,,,,,,,,,,
1970-01-01 00:00:00.000000013,25.422830145799743,85.05786394781677,85.23756105881218,84.82541419670574,84.69651579094503,84.18910958192424,85.72164740544245,73.13992243868847,,,,,,,,,,,,,
1970-01-01 00:00:00.000000013,23.803680975339056,85.05309505229638,85.2190572780306,84.83359479566688,84.69987403650991,84.18468627704944,85.71570574406367,73.43024002121896,,,,,,,,,,,,,
1970-01-01 00:00:00.000000014,22.342314380159316,85.05481887630977,85.20475335933357,84.84254065357655,84.70347443587164,84.18167458112616,85.71031694614331,73.76419053895593,,,,,,,,,,,,,
1970-01-01 00:00:00.000000014,22.869961803373275,85.01707134860641,85.17396498464805,84.8434638137419,84.70509241400022,84.18012636134894,85.70514594365737,73.80078560224887,,,,,,,,,,,,,
1970-01-01 00:00:00.000000016,21.519043916513713,85.10238846316247,85.19848243344248,84.86700079835543,84.71244131457124,84.18195776237064,85.7000418056751,74.76717543727449,,,,,,,,,,,,,
1970-01-01 00:00:00.000000015,22.26033659925963,84.97687689601825,85.1326959056242,84.85162157596665,84.71007702912716,84.18744211587986,85.69470264032685,72.87563906188119,,,,,,,,,,,,,
1970-01-01 00:00:00.000000015,20.995762687612785,85.05905736398257,85.15588529928017,84.87264736654991,84.7168203346666,84.19597199049072,85.68933959350184,73.84969332310023,,,,,,,,,,,,,
1970-01-01 00:00:00.000000013,24.909913552234546,84.8322861743892,85.04400494625612,84.8354926233917,84.70894352950589,84.20548437920999,85.68343234204673,69.12569475423497,,,,,,,,,,,,,
1970-01-01 00:00:00.000000012,29.209901942520773,84.27824196441371,84.77291950791572,84.72673076069053,84.68260643094874,84.21427671829505,85.6764711840612,57.52542799073328,,,,,,,,,,,,,
1970-01-01 00:00:00.000000011,33.991253268766336,83.64496448217551,84.44009542112543,84.58497090941728,84.64707656151863,84.22216779267526,85.66821593053874,46.558423341913745,,,,,,,,,,,,,
1970-01-01 00:00:00.000000010,34.57988091369298,83.0582292761701,84.10111296940025,84.43306179344596,84.60791449077863,84.22839364282272,85.65875161921647,38.162313132182966,,,,,,,,,,,,,
1970-01-01 00:00:00.000000013,33.045764451599005,82.57393480033062,83.78617150827047,84.28418709162348,84.56840048487011,84.233352105541,85.64791183164458,32.060346491633574,,,,,,,,,,,,,
1970-01-01 00:00:00.000000012,32.07299911679071,82.15855427336997,83.48715884074836,84.13567121216873,84.52788935731446,84.23787389294434,85.63565964497114,27.360387651211674,,,,,,,,,,,,,
1970-01-01 00:00:00.000000011,32.55972517475898,81.74985825023896,83.18060568774531,83.97800073944505,84.48398074836322,84.24033704838531,85.62206193935877,23.43290607437379,,,,,,,,,,,,,
1970-01-01 00:00:00.000000011,34.165581155851314,81.26826275985914,82.83163069779935,83.79619211430368,84.43281557473115,84.23958594568172,85.60691056543477,19.88781235969016,,,,,,,,,,,,,
1970-01-01 00:00:00.000000009,44.22728618169869,80.38552543005528,82.28826209898484,83.52397187887372,84.35741020693123,84.23210150094833,85.589553086524,15.987692449250725,,,,,,,,,,,,,
1970-01-01 00:00:00.000000008,42.70478354045672,79.63275811259892,81.77311907569289,83.25329411275214,84.28043785504907,84.21838505594332,85.56989353638997,13.213029619396085,,,,,,,,,,,,,
1970-01-01 00:00:00.000000008,40.45434274972531,78.94483716634868,81.26584946711604,82.9764258487755,84.19996736277344,84.19929343078877,85.54796304059249,11.092439321752284,,,,,,,,,,,,,
1970-01-01 00:00:00.000000012,36.99612282171099,78.64230009196567,80.91733149687218,82.75900333684054,84.13262591433225,84.17524166921831,85.52363516731567,9.766807275614822,,,,,,,,,,,,,
1970-01-01 00:00:00.000000011,34.20782374051156,78.1953250589241,80.50733999049814,82.50992183056279,84.05575824281411,84.14769138819695,85.49666441283426,8.511818239969186,,,,,,,,,,,,,
1970-01-01 00:00:00.000000012,30.265262103961824,78.10417569655334,80.25572528655016,82.32284953317092,83.9929106806674,84.11930894381263,85.46743339359533,7.710470739455931,,,,,,,,,,,,,
1970-01-01 00:00:00.000000014,28.609807879771136,78.13372813048487,80.07356279379205,82.16320593838819,83.93578657306088,84.09157146263676,85.43615430622489,7.096471659643739,,,,,,,,,,,,,
1970-01-01 00:00:00.000000013,29.794761896973785,78.05303505565743,79.86053551766074,81.98936502928856,83.87404006742194,84.06137996939651,85.40279807207446,6.490375132920212,,,,,,,,,,,,,
1970-01-01 00:00:00.000000015,27.428547752459483,78.20087836190876,79.76341879668377,81.86398803154839,83.82347500791441,84.03005461032166,85.36755310002407,6.0866130079849174,,,,,,,,,,,,,
1970-01-01 00:00:00.000000016,25.986285170606877,78.33778551423404,79.68360019003389,81.7471812116263,83.77434007374148,83.9974377705174,85.33078358315731,5.7290338601463535,,,,,,,,,,,,,
1970-01-01 00:00:00.000000015,25.91484941235685,78.26099531812552,79.52634876673002,81.59842251837395,83.71642459573104,83.96200230757852,85.29249280365114,5.30184277809575,,,,,,,,,,,,,
1970-01-01 00:00:00.000000014,26.626063468458774,78.20142931114104,79.38424117731849,81.45586341111235,83.65917823441237,83.92362712732768,85.25274935273534,4.922992784885065,,,,,,,,,,,,,
1970-01-01 00:00:00.000000014,27.314640789561253,78.04943690594409,79.2076253689401,81.29843611205524,83.597310463773,83.88161285502437,85.21137997121242,4.537409519040051,,,,,,,,,,,,,
1970-01-01 00:00:00.000000016,25.651039900569785,78.01727321860294,79.08771565078538,81.16471777312124,83.54050755835475,83.836518070977,85.16881328713674,4.234061116175549,,,,,,,,,,,,,
1970-01-01 00:00:00.000000018,23.84283858875023,78.2281603107222,79.08626047155028,81.0826389851243,83.49604189786564,83.78919600742653,85.12513100020583,4.054862555173481,,,,,,,,,,,,,
1970-01-01 00:00:00.000000020,22.61331840698913,78.40618852689808,79.08917328246403,81.0056061383195,83.45248229083813,83.73733046814938,85.08066851933646,3.888524385443186,,,,,,,,,,,,,
1970-01-01 00:00:00.000000018,23.47176524133772,78.47594722044424,79.0587922562972,80.9173463679787,83.40574099435844,83.68056123276394,85.0355877602008,3.7011854058779567,,,,,,,,,,,,,
1970-01-01 00:00:00.000000016,25.422939082105835,78.70129915819133,79.10823904292288,80.86579187939834,83.36789985918253,83.62007131735722,84.98969183773669,3.5923159083803236,,,,,,,,,,,,,
1970-01-01 00:00:00.000000017,23.80812060017205,78.81637227333042,79.12355046937414,80.80347316780966,83.32719105196566,83.55582332203039,84.94317800024224,3.459833785413383,,,,,,,,,,,,,
1970-01-01 00:00:00.000000015,28.33274152328243,78.60846280889871,79.00112087681029,80.68478108088269,83.27196352857467,83.48684620109907,84.89569288149661,3.2165250618503287,,,,,,,,,,,,,
1970-01-01 00:00:00.000000014,27.106092981151633,78.49616813530257,78.91438165536553,80.5813382714723,83.21997373665769,83.41374728307574,84.84676250694316,3.0173687574486583,,,,,,,,,,,,,
1970-01-01 00:00:00.000000014,26.34718015678896,78.34298705951159,78.80673448272753,80.46953138852624,83.16534974680387,83.3375041693112,84.79651648879597,2.8145234754409136,,,,,,,,,,,,,
1970-01-01 00:00:00.000000013,33.16593840438247,77.88134918130068,78.55474022688476,80.29562026224902,83.09439897985514,83.25633836596887,84.74454426810377,2.52965680605361,,,,,,,,,,,,,
1970-01-01 00:00:00.000000011,31.428925418748804,77.8175946038296,78.46454350570845,80.18844206741358,83.03935596805505,83.17223491787023,84.69112959156949,2.370426060190579,,,,,,,,,,,,,
1970-01-01 00:00:00.000000013,29.909972421714553,77.9417267450754,78.46215366974027,80.11980729261535,82.99357387195559,83.08522108229083,84.63703023177257,2.271807357710088,,,,,,,,,,,,,
1970-01-01 00:00:00.000000017,27.9155129652613,78.24970250201736,78.55483111156254,80.09477977250437,82.95862891332703,82.99625103328977,84.5822786069991,2.2352878745313314,,,,,,,,,,,,,
1970-01-01 00:00:00.000000020,25.77073025826652,78.58551487026624,78.6797341326261,80.08826936351446,82.92848100715723,82.90545533368466,84.52754412890455,2.225266890645319,,,,,,,,,,,,,
1970-01-01 00:00:00.000000019,25.269647218602543,78.76659762619346,78.75347908874211,80.06484423749045,82.89427650609002,82.81233048283282,84.47271007001169,2.1872708955590827,,,,,,,,,,,,,
1970-01-01 00:00:00.000000018,25.21071227045542,78.71769857214618,78.7324448403071,80.00434455586169,82.8507722856907,82.71610658402497,84.4174571049308,2.088104662504297,,,,,,,,,,,,,
1970-01-01 00:00:00.000000017,26.674477728207577,78.6878932937521,78.7175564166588,79.94804367838381,82.80816432444179,82.61848393861132,84.36205066684153,1.9973513536763063,,,,,,,,,,,,,
1970-01-01 00:00:00.000000021,24.45098037164194,78.97705718871262,78.84629790319478,79.95532481917483,82.78155286617427,82.52033941131016,84.30701508992641,2.587003733149807,,,,,,,,,,,,,
1970-01-01 00:00:00.000000026,22.640681990436885,79.43568933007167,79.06665426613233,80.00688925354083,82.76651470726216,82.42286723397093,84.25250359351587,6.860917076770805,,,,,,,,,,,,,
1970-01-01 00:00:00.000000025,21.8704217574994,79.81004743573703,79.27036568361106,80.05789280667251,82.75199694757198,82.3259037227946,84.19870549212531,11.019437280003288,,,,,,,,,,,,,
1970-01-01 00:00:00.000000024,22.774123759214618,80.09835838315995,79.45047809172384,80.10470493867953,82.73706764633098,82.23037706337014,84.14595677049354,14.78031700843661,,,,,,,,,,,,,
1970-01-01 00:00:00.000000022,25.144857087167463,80.00482043455531,79.46685905067046,80.08611527991314,82.70615820348328,82.13525645238128,84.09439063506547,14.517897745972302,,,,,,,,,,,,,
1970-01-01 00:00:00.000000019,28.8959061469437,79.77907607420676,79.41315355813792,80.03866364669351,82.66804815800397,82.03952144138105,84.04368837343787,13.842305254528767,,,,,,,,,,,,,
1970-01-01 00:00:00.000000018,26.99606729655581,79.728898981924,79.42361147219746,80.01864509634447,82.63680579437003,81.9432224473946,83.99474177815745,13.55570967787428,,,,,,,,,,,,,
1970-01-01 00:00:00.000000020,24.913546204441214,79.95891264257045,79.55591654610281,80.05238322139591,82.6193148639301,81.84741929875099,83.94821238992517,16.686468458310443,,,,,,,,,,,,,
1970-01-01 00:00:00.000000025,23.222621724257284,80.34973356864622,79.77019843036157,80.1253492626333,82.61228702720392,81.75305700772881,83.9038918924132,23.167481388423738,,,,,,,,,,,,,
1970-01-01 00:00:00.000000024,22.039259453277708,80.60090349310057,79.93705159041215,80.1833976519778,82.60227007360903,81.65938494480127,83.86120160540362,27.968194127922587,,,,,,,,,,,,,
1970-01-01 00:00:00.000000023,20.8500715884576,80.79066389555469,80.08365649177206,80.23697835211087,82.59179679432309,81.56709208032414,83.8205925921795,32.180483815647435,,,,,,,,,,,,,
1970-01-01 00:00:00.000000024,19.22350076683053,80.95551085277188,80.22286032721466,80.29101444346497,82.58207641509242,81.47545942186245,83.78256283178372,36.23059126017734,,,,,,,,,,,,,
1970-01-01 00:00:00.000000021,29.03499772971361,80.64955119930735,80.15039235069052,80.25708103726828,82.55066980982234,81.38389119013998,83.74685200693324,34.824153126526944,,,,,,,,,,,,,
1970-01-01 00:00:00.000000019,26.917744009872607,80.43459457272714,80.09806287030104,80.23032366586193,82.52105884720129,81.29396304824341,83.71313898668251,33.71282815520199,,,,,,,,,,,,,
1970-01-01 00:00:00.000000018,29.118966344269925,80.13593554587702,79.99290255831698,80.17977369616055,82.48543935059706,81.20585910397827,83.68114658727609,31.657419608968137,,,,,,,,,,,,,
1970-01-01 00:00:00.000000017,28.694236521377587,79.76472530437741,79.8371736292317,80.10526823114951,82.44359303206753,81.11930323273235,83.65123379709357,28.864145302383758,,,,,,,,,,,,,
1970-01-01 00:00:00.000000016,27.7631070100402,79.55532119809178,79.73540373320601,80.05085397788676,82.40651951705142,81.03463657045761,83.62286474585136,26.991020936051143,,,,,,,,,,,,,
1970-01-01 00:00:00.000000014,32.166469318946056,78.92015112351248,79.43031892338685,79.9068781679773,82.34654888330161,80.95006070957378,83.59574430434932,22.778888807796836,,,,,,,,,,,,,
1970-01-01 00:00:00.000000013,33.996895158423925,78.2722811771303,79.08945369322454,79.74114966694296,82.28022303761306,80.86532368812374,83.56941465123853,19.086543455368947,,,,,,,,,,,,,
1970-01-01 00:00:00.000000012,32.94718837162701,77.68691216094253,78.74908845713061,79.56876874259976,82.21122018247453,80.78077522068966,83.54350716103792,16.153530837347983,,,,,,,,,,,,,
1970-01-01 00:00:00.000000011,35.5798777117401,77.2074368332462,78.43458364488791,79.40095567514334,82.1423476982953,80.69831489661505,83.51811514461242,13.912210018239977,,,,,,,,,,,,,
1970-01-01 00:00:00.000000015,33.52634680903633,76.95939581669462,78.21027892721521,79.26629983496079,82.08090375851613,80.61857501105924,83.4937013100265,12.422720731837398,,,,,,,,,,,,,
1970-01-01 00:00:00.000000018,31.521204489928472,76.83061479788695,78.03802545407349,79.15058183055669,82.02353646462699,80.54205813069485,83.4699935190959,11.302798962759681,,,,,,,,,,,,,
1970-01-01 00:00:00.000000017,30.31393739804861,76.73323878655175,77.88399902563144,79.04050939568039,81.967021024593,80.46768825187164,83.44690387594365,10.347239359793264,,,,,,,,,,,,,
1970-01-01 00:00:00.000000016,33.01810004542037,76.44638259418281,77.64899528009285,78.8937818830932,81.90067213703195,80.39536545292225,83.4239509697045,9.227369962337468,,,,,,,,,,,,,
1970-01-01 00:00:00.000000015,35.617279874690986,76.04747472769,77.3583450966043,78.71958821166675,81.82655443678007,80.32330022649217,83.40095800415554,8.105759399146507,,,,,,,,,,,,,
1970-01-01 00:00:00.000000015,33.90276504918022,75.74529179387076,77.10181918405789,78.55554789193839,81.75401717928568,80.25114706556317,83.3779911383106,7.216198753730536,,,,,,,,,,,,,
1970-01-01 00:00:00.000000014,32.63137844078823,75.42636343997943,76.83353107863572,78.3828067990943,81.67836178470985,80.1790159009593,83.35457921638516,6.417509056837188,,,,,,,,,,,,,
1970-01-01 00:00:00.000000014,32.90227932798312,75.21639745364371,76.61016766315072,78.2256980425926,81.60570677698439,80.10625010118017,83.33104695719575,5.789846714128657,,,,,,,,,,,,,
1970-01-01 00:00:00.000000013,33.880571433573856,74.96183256252435,76.36774996632309,78.05777157025747,81.52946663988054,80.0324619083528,83.3072057988641,5.203980200627162,,,,,,,,,,,,,
1970-01-01 00:00:00.000000012,32.57477928877898,74.76947825705074,76.1525055180352,77.89864566692017,81.45454718112707,79.95846637132372,83.28313579110049,4.716905892722806,,,,,,,,,,,,,
1970-01-01 00:00:00.000000015,31.05320172166579,74.76807284001559,76.02613694111155,77.77565764750663,81.38795916113452,79.8848622560516,83.25891188470352,4.375993445414329,,,,,,,,,,,,,
1970-01-01 00:00:00.000000019,28.244959236001037,74.65399989798904,75.85991614009075,77.63534590171747,81.3164143747539,79.81160045184485,83.234271238595,4.0191061959459065,,,,,,,,,,,,,
1970-01-01 00:00:00.000000018,26.726597123462287,74.65686691057873,75.75159057834954,77.51899253149081,81.25026433083534,79.73868594701224,83.20960144483843,3.7462576553223856,,,,,,,,,,,,,
1970-01-01 00:00:00.000000018,25.207717875804583,74.63468694887314,75.64198844414055,77.40240329896375,81.1835549056733,79.66508123328903,83.18465754465069,3.4905464634387893,,,,,,,,,,,,,
1970-01-01 00:00:00.000000017,23.87542482457217,74.69789085548523,75.57914462939446,77.30625832574688,81.12153651339729,79.59109427703758,83.15963725833225,3.2910481830941047,,,,,,,,,,,,,
1970-01-01 00:00:00.000000016,23.06628441089964,74.7126843274546,75.50575495538878,77.20687008612278,81.05835563480957,79.51688475140047,83.1337946890262,3.0941762181692924,,,,,,,,,,,,,
1970-01-01 00:00:00.000000015,25.34363256001676,74.52874426372149,75.3500485056979,77.07299220073715,80.9860633798243,79.44102875782724,83.10729656990232,2.8471105007701074,,,,,,,,,,,,,
1970-01-01 00:00:00.000000013,29.6000526872557,74.21593211752017,75.13319714451762,76.91188205689313,80.90624865497745,79.3631969356089,83.08024294153874,2.580114281932597,,,,,,,,,,,,,
1970-01-01 00:00:00.000000012,34.519680961783266,73.6795480621802,74.80599848054514,76.7009851856746,80.81299256727439,79.28352101770474,83.05227462751125,2.27884949894896,,,,,,,,,,,,,
1970-01-01 00:00:00.000000011,32.98413666848238,73.32197402103323,74.5410602419906,76.51238489825384,80.72422326666913,79.20214195024037,83.0234043658209,2.048492839869653,,,,,,,,,,,,,
1970-01-01 00:00:00.000000017,30.24535149600435,73.21663225637737,74.38235160160545,76.36661549823424,80.6453281615058,79.12008363243453,82.99396486840446,1.8895124410402528,,,,,,,,,,,,,
1970-01-01 00:00:00.000000017,29.087477226025896,73.2076563910394,74.27229717688563,76.24132677005593,80.5709642288509,79.03899776259067,82.9636559098702,1.7628753149225493,,,,,,,,,,,,,
1970-01-01 00:00:00.000000020,27.728903344925246,73.21177330619089,74.17738297596847,76.12316654247715,80.49790230584539,78.95769225209195,82.93218727164277,1.6505242480395672,,,,,,,,,,,,,
1970-01-01 00:00:00.000000019,29.307056695349473,73.2188296556949,74.09280771030869,76.01037785664319,80.42575457199331,78.87550366337251,82.8995076801628,1.5490403290177441,,,,,,,,,,,,,
1970-01-01 00:00:00.000000026,26.272472014835653,73.50873071674343,74.14512836945676,75.95774872347826,80.36846681466938,78.79276304239198,82.8656886279627,1.502613608957829,,,,,,,,,,,,,
1970-01-01 00:00:00.000000030,24.26190547375975,73.97972322085569,74.30136153926111,75.95406027304008,80.32364319698416,78.71007886058248,82.83094820245064,1.4992222503452115,,,,,,,,,,,,,
1970-01-01 00:00:00.000000030,22.83651817784112,74.2510988281494,74.39547424090321,75.9298461939924,80.27402088912686,78.62737889971253,82.79526402294516,1.4756757682894872,,,,,,,,,,,,,
1970-01-01 00:00:00.000000028,24.296017938210124,74.50396744142577,74.49728948214212,75.91359504499393,80.22667184440452,78.54556390949519,82.75881039559727,1.4591123660174405,,,,,,,,,,,,,
1970-01-01 00:00:00.000000027,23.188364721897724,74.6742600737461,74.57530231131351,75.89170624334818,80.17820178230127,78.46443716079446,82.72120050952604,1.435737123219758,,,,,,,,,,,,,
1970-01-01 00:00:00.000000029,21.225907861198596,74.88390726553985,74.67959264962272,75.88507054881354,80.13386640170837,78.38303207538723,82.68260907581485,1.4282670323037392,,,,,,,,,,,,,
1970-01-01 00:00:00.000000027,21.411306386106865,74.94432674016626,74.72563010317263,75.85765619939623,80.08463394635478,78.30004741430434,82.64321331285588,1.39595250251545,,,,,,,,,,,,,
1970-01-01 00:00:00.000000026,23.729518679380018,74.85900753471114,74.70673015860154,75.80511010188621,80.02924187438002,78.21499176020862,82.60302134222736,1.3336675386884929,,,,,,,,,,,,,
1970-01-01 00:00:00.000000024,28.776989663719142,74.69850973870642,74.64762001279118,75.736537884349,79.96981179159701,78.127628419122,82.56164214864287,1.2549738911428505,,,,,,,,,,,,,
1970-01-01 00:00:00.000000020,34.05345097070171,74.12961162397295,74.39365629935917,75.58428224829764,79.88905763610887,78.0375917584897,82.51863662355298,1.0998009309158188,,,,,,,,,,,,,
1970-01-01 00:00:00.000000018,38.21920298853993,73.58413668687368,74.12170908473347,75.42028047144191,79.80461165901801,77.94522409498467,82.47379163952911,0.9618433528737196,,,,,,,,,,,,,
1970-01-01 00:00:00.000000016,37.35090447664675,72.9237439808466,73.77266036400663,75.21878606694374,79.70986102715453,77.84922691439665,82.42716417365604,0.8249294888692418,,,,,,,,,,,,,
1970-01-01 00:00:00.000000015,34.54232694081498,72.49896375157181,73.50240422495808,75.04549417547429,79.62120412971491,77.74908913347822,82.3785723048046,0.7288401308360419,,,,,,,,,,,,,
1970-01-01 00:00:00.000000012,43.30493491837889,71.5228633230348,72.96750035076978,74.75423799639242,79.50177385587583,77.6416669081534,82.32745671405151,0.6019324738164722,,,,,,,,,,,,,
1970-01-01 00:00:00.000000010,42.3394973497051,70.92458490891612,72.56422497819447,74.51020792800219,79.39261661604066,77.5282031136739,82.27411870691394,0.5202025811237846,,,,,,,,,,,,,
1970-01-01 00:00:00.000000012,39.50147136631371,70.53632014881258,72.23868280821301,74.2934649154687,79.2890409393477,77.40933284494105,82.21925773478169,0.46040792257363433,,,,,,,,,,,,,
1970-01-01 00:00:00.000000010,41.539415720832935,69.85674471768287,71.77502464320857,74.01287582047637,79.16813946724638,77.28377007248127,82.16275114782775,0.3968175808309074,,,,,,,,,,,,,
1970-01-01 00:00:00.000000009,40.17027727444465,69.47497402121661,71.42710342431248,73.77503328772637,79.0564952062325,77.15412911749044,82.10492442470714,0.35238793807709373,,,,,,,,,,,,,
1970-01-01 00:00:00.000000014,37.764656075043774,69.44628323308658,71.23659584760829,73.60077786783775,78.95972928458409,77.02153820152995,82.04615982438112,0.3237844279600298,,,,,,,,,,,,,
1970-01-01 00:00:00.000000016,36.46001772067874,69.53063040727005,71.11217978000788,73.45439517121682,78.86926450666788,76.88703063103108,81.98629979968544,0.30163473167508476,,,,,,,,,,,,,
1970-01-01 00:00:00.000000020,34.53287743422241,69.79576744837463,71.08891940117016,73.35250969833746,78.78953367190296,76.75197546037484,81.92573712964139,0.28692233649043863,,,,,,,,,,,,,
1970-01-01 00:00:00.000000017,36.707986354449496,69.6690327819419,70.91375346617386,73.18817967550896,78.69373825343837,76.61472197432728,81.86394835913586,0.26451255323718353,,,,,,,,,,,,,
1970-01-01 00:00:00.000000017,34.76501089543513,69.75401132076837,70.83922364889207,73.06683637357035,78.60816797704669,76.47792113843914,81.80105667070937,0.24904456134669303,,,,,,,,,,,,,
1970-01-01 00:00:00.000000023,31.49016654877305,70.12130750632173,70.90752079431417,73.00894052552977,78.53834035785752,76.34327695561088,81.73756555702624,0.24177975770075136,,,,,,,,,,,,,
1970-01-01 00:00:00.000000022,29.90356428443975,70.3417252653113,70.93623674949193,72.93891918340192,78.46555484485665,76.21067996442692,81.67330996522143,0.2329298319625673,,,,,,,,,,,,,
1970-01-01 00:00:00.000000020,30.271389627996847,70.42393715804982,70.91955929308392,72.85318842048436,78.38881086360439,76.07972461933375,81.60841771657812,0.222205613422482,,,,,,,,,,,,,
1970-01-01 00:00:00.000000019,29.9254962400775,70.34852167468205,70.84022297018637,72.74313631541482,78.30580637482436,75.94926134894281,81.54278970762051,0.2089089136808704,,,,,,,,,,,,,
1970-01-01 00:00:00.000000017,31.766309852392276,70.08676411708939,70.67654214441659,72.59790484762281,78.21360664857455,75.81820780928415,81.47614073888809,0.19253524029496807,,,,,,,,,,,,,
1970-01-01 00:00:00.000000016,33.94884209609686,69.87735807101527,70.52774139371678,72.45836873150893,78.1223243325362,75.68656499600071,81.40882292017463,0.17809263017855506,,,,,,,,,,,,,
1970-01-01 00:00:00.000000017,31.748226470828776,69.97149552663643,70.51140538966263,72.37561095180745,78.04496832275098,75.556201577375,81.34062579313739,0.16995002150734953,,,,,,,,,,,,,
1970-01-01 00:00:00.000000019,30.118753853163923,70.16351996867243,70.54960651213115,72.31898376690584,77.97418871493073,75.42818948847979,81.27144358226508,0.16441079937561445,,,,,,,,,,,,,
1970-01-01 00:00:00.000000022,28.517113013443787,70.39432000325826,70.619416842083,72.27971068356058,77.90795320673841,75.30267274431222,81.20151075288626,0.16050358706335635,,,,,,,,,,,,,
1970-01-01 00:00:00.000000021,29.934610230444516,70.42083167399333,70.61100425252395,72.21097216094776,77.83450967589458,75.1792360515493,81.13063894125443,0.15362213112787937,,,,,,,,,,,,,
1970-01-01 00:00:00.000000020,29.165331061861885,70.53240355940952,70.64443032966489,72.16264741350174,77.76629257564761,75.05797503896748,81.05917236748445,0.14879231956043124,,,,,,,,,,,,,
1970-01-01 00:00:00.000000019,27.97403608534637,70.646131587762,70.68594063616553,72.12101589537116,77.69997169132448,74.93923992546975,80.98743993377613,0.14457527898953246,,,,,,,,,,,,,
1970-01-01 00:00:00.000000022,25.278722630844214,70.91406713544397,70.80411051707519,72.11571367697118,77.64311435435779,74.82358128567077,80.91562196065796,0.14401544869678862,,,,,,,,,,,,,
1970-01-01 00:00:00.000000031,21.312099176438515,71.64797581528877,71.14770142776544,72.21249394590048,77.61267153028128,74.71231801163864,80.8446634165058,7.207048519549866,,,,,,,,,,,,,
1970-01-01 00:00:00.000000032,19.774914593130692,72.32546378211383,71.50112999336986,72.32319675780298,77.58702719315822,74.60607502876036,80.77476625974829,14.644200986000769,,,,,,,,,,,,,
1970-01-01 00:00:00.000000030,21.827592819378747,72.77897606719498,71.78221137647436,72.41220963818402,77.55723612862451,74.50393937089422,80.70570527419876,20.183600814921075,,,,,,,,,,,,,
1970-01-01 00:00:00.000000029,21.509922093194252,73.06648834887316,72.00351374912087,72.48296759259195,77.52399534600721,74.40555065676679,80.63728596007242,24.3845490074003,,,,,,,,,,,,,
1970-01-01 00:00:00.000000027,26.105222752214218,73.16472479775088,72.14480073495186,72.52511280830448,77.48452942806945,74.30992774641794,80.56934679107246,26.854016829230517,,,,,,,,,,,,,
1970-01-01 00:00:00.000000028,24.62746285300067,73.24140965997805,72.27237785985503,72.56523187891555,77.4453614646945,74.21709498227379,80.50192984448199,29.223582064641732,,,,,,,,,,,,,
1970-01-01 00:00:00.000000027,23.558425754424416,73.38652830171291,72.4264346788366,72.62020329027779,77.41075093140056,74.1280392040646,80.43498198269432,32.45250828451806,,,,,,,,,,,,,
1970-01-01 00:00:00.000000024,29.903017755928147,72.99237541236643,72.33455551303149,72.57297037124653,77.35109931869987,74.04126097035167,80.36797022252549,31.138030459357456,,,,,,,,,,,,,
1970-01-01 00:00:00.000000023,26.374543857626477,73.13208850127987,72.45786327156804,72.6168123510774,77.31467983151812,73.95957751365974,80.30137904856605,33.81767429903324,,,,,,,,,,,,,
1970-01-01 00:00:00.000000023,24.295531055341,73.07631441674656,72.49380461766306,72.62608316392195,77.27028717726036,73.88185147897309,80.23483221435978,34.39900120655212,,,,,,,,,,,,,
1970-01-01 00:00:00.000000021,22.795792739737117,73.19352834003787,72.60003910998488,72.66672241369768,77.23438764348865,73.80785361728236,80.16836288781674,37.01090006190314,,,,,,,,,,,,,
1970-01-01 00:00:00.000000020,21.945625209178377,73.28920224966701,72.69748081709385,72.70614105975595,77.19893998423188,73.73714990307637,80.10198782994347,39.52600031665471,,,,,,,,,,,,,
1970-01-01 00:00:00.000000019,24.447933526483933,73.32766612102267,72.76875725248944,72.73654814001829,77.16195074664198,73.6694175350272,80.03610363881297,41.46753179878977,,,,,,,,,,,,,
1970-01-01 00:00:00.000000021,23.00148600590242,73.52026735726736,72.90711316610367,72.79749418559585,77.13338081187187,73.60515986160624,79.97077977366402,45.260931792521724,,,,,,,,,,,,,
1970-01-01 00:00:00.000000020,22.18930146154962,73.71433247712248,73.05106587432542,72.86389021582907,77.10708441530144,73.54328269145326,79.90607291849037,49.128910755110624,,,,,,,,,,,,,
1970-01-01 00:00:00.000000021,21.51264663583624,73.91717978785033,73.20356616127417,72.9370148752382,77.08341759555478,73.48294178349721,79.84234631094034,53.06270120191054,,,,,,,,,,,,,
1970-01-01 00:00:00.000000021,20.412085515777108,74.08707634981153,73.3456658373089,73.00876576631343,77.06036530701847,73.42452017494364,79.77976266265735,56.608340637447206,,,,,,,,,,,,,
1970-01-01 00:00:00.000000026,18.5282499271205,74.44955609938047,73.57783031552229,73.12212691656217,77.04881416065666,73.368690812375,79.71812456980258,61.55021822980326,,,,,,,,,,,,,
1970-01-01 00:00:00.000000024,17.451654630593392,74.64244212071532,73.74475357829796,73.21200375144423,77.03254721583475,73.31509676253692,79.65720201036716,64.95779293835555,,,,,,,,,,,,,
1970-01-01 00:00:00.000000023,17.91903754674111,74.85957900174805,73.92506020989623,73.31067523279461,77.01956790548694,73.26360885621655,79.59713894013639,68.28129198053746,,,,,,,,,,,,,
1970-01-01 00:00:00.000000027,16.68710308553655,75.21606438548048,74.1720552744884,73.4413156519168,77.01581106981453,73.21528204526696,79.53800119929838,72.05967637374162,,,,,,,,,,,,,
1970-01-01 00:00:00.000000026,15.641606872916304,75.42890467000548,74.3637107775445,73.55264703059086,77.00849221148907,73.17023278384104,79.47972139643164,74.8131973792003,,,,,,,,,,,,,
1970-01-01 00:00:00.000000025,17.82727489344492,75.44305507145361,74.46697858660828,73.62900035006754,76.99347892259114,73.12808203315542,79.4218032868002,76.52207767512617,,,,,,,,,,,,,
1970-01-01 00:00:00.000000024,16.80004477655355,75.65428841751446,74.65172796980369,73.7415580540554,76.98856094128932,73.09122754927058,79.36471106435235,78.80506110020828,,,,,,,,,,,,,
1970-01-01 00:00:00.000000025,15.818464558190492,75.79280939612094,74.80583390987125,73.84372806411389,76.98217618874462,73.05969650112402,79.30838790485349,80.64486755589925,,,,,,,,,,,,,
1970-01-01 00:00:00.000000023,17.881581081614428,75.79700844218974,74.89746761137975,73.92098596851982,76.97055060106024,73.03374049915554,79.25271903449907,81.92271042983177,,,,,,,,,,,,,
1970-01-01 00:00:00.000000023,16.743491936202158,75.96219934408383,75.05433082413252,74.02694585021159,76.96709201748412,73.01336953265029,79.1978881365014,83.52886742989823,,,,,,,,,,,,,
1970-01-01 00:00:00.000000022,15.8237569832641,76.00106288102879,75.15452957001216,74.11045844545069,76.95902659471123,73.00049394163145,79.14383605471565,84.68390949934256,,,,,,,,,,,,,
1970-01-01 00:00:00.000000032,13.03116135794136,76.71184731410038,75.5545709769553,74.32396929254622,76.98485702706621,72.99676916892233,79.09157874744204,87.162512736435,,,,,,,,,,,,,
1970-01-01 00:00:00.000000034,12.119407353082556,77.23478241671,75.89747569060923,74.52014786253062,77.00815718428096,73.00130282786357,79.04129246725215,88.9344501985339,,,,,,,,,,,,,
1970-01-01 00:00:00.000000032,16.96124626497306,77.44370209303598,76.11401251858473,74.66756876197412,77.02080617546564,73.01439668669353,78.99239954288198,90.04629761443401,,,,,,,,,,,,,
1970-01-01 00:00:00.000000030,17.740688360783405,77.51564130089363,76.26759302892468,74.79054246277217,77.028593160111,73.03470687019444,78.94455288925872,90.87036630946858,,,,,,,,,,,,,
1970-01-01 00:00:00.000000029,17.12051841512482,77.64934623163288,76.44182693125788,74.9236257369611,77.04009139687199,73.0611638275769,78.89773544891133,91.67375188672675,,,,,,,,,,,,,
1970-01-01 00:00:00.000000026,21.350754880679087,77.41170415815786,76.44358228880333,74.98392025175706,77.03433064530368,73.09175432918771,78.85170296421808,92.0165211478488,,,,,,,,,,,,,
1970-01-01 00:00:00.000000024,23.906981930924548,77.1682793421513,76.4209457241962,75.03139710769305,77.02597491826708,73.12533207737482,78.80625110332619,92.28581797226819,,,,,,,,,,,,,
1970-01-01 00:00:00.000000025,22.355801211209265,77.03827185018588,76.42979082948057,75.08970474591389,77.0209228482577,73.16336257878292,78.7615183072772,92.61527702403028,,,,,,,,,,,,,
1970-01-01 00:00:00.000000024,21.579995118141685,77.0009040402073,76.46812191773624,75.15879212059542,77.01923638011876,73.20520169372342,78.71776435867017,92.99692108185351,,,,,,,,,,,,,
1970-01-01 00:00:00.000000023,21.538644526683928,76.98624111546663,76.50989169035148,75.22815672043497,77.01832447003304,73.24958601762152,78.67463092743536,93.36753614548597,,,,,,,,,,,,,
1970-01-01 00:00:00.000000025,20.35540406139547,77.07351590262721,76.59286654134402,75.31421390987946,77.02234726188614,73.29709191215107,78.63203326073734,93.80553389977156,,,,,,,,,,,,,
1970-01-01 00:00:00.000000024,19.412780093605445,77.1223930443674,76.65877882043348,75.39278989817156,77.02528810118407,73.34788394170482,78.58950623965049,94.18324940422033,,,,,,,,,,,,,
1970-01-01 00:00:00.000000031,16.95401593078679,77.53465912543533,76.88831924127653,75.54145395901608,77.0467650698261,73.40385029457686,78.54751792763055,94.82606015229591,,,,,,,,,,,,,
1970-01-01 00:00:00.000000031,16.20277095411264,77.90255029839514,77.11430067299997,75.69175439161287,77.06992278047693,73.46572728545665,78.5063216640561,95.3817346795421,,,,,,,,,,,,,
1970-01-01 00:00:00.000000031,15.415812190428811,78.1987705853958,77.32060531485438,75.83653467952604,77.09294495911297,73.533290604417,78.46569638037691,95.84468745996075,,,,,,,,,,,,,
1970-01-01 00:00:00.000000032,14.159948893375324,78.56521153667602,77.56700259003097,76.00102254863471,77.12217909227401,73.60579883635353,78.42626431371194,96.29865658812753,,,,,,,,,,,,,
1970-01-01 00:00:00.000000030,13.448978637510244,78.94213504965332,77.82907772744292,76.1754855507103,77.15529003764007,73.68292887202962,78.38843188270356,96.70930017413387,,,,,,,,,,,,,
1970-01-01 00:00:00.000000029,12.829078831917911,79.17132583757422,78.03444238760791,76.32892097967296,77.18447211676065,73.76391307795187,78.352326087616,97.02220186519929,,,,,,,,,,,,,
1970-01-01 00:00:00.000000026,18.052597254903624,79.05195629994219,78.0835365477721,76.416982045153,77.19830302255819,73.84803327563597,78.31691629938527,97.1874953941434,,,,,,,,,,,,,
1970-01-01 00:00:00.000000023,28.613528729613833,78.5490220101686,77.94296821170865,76.42169980224796,77.19172572731955,73.93321432341091,78.28187351847005,97.19647384756404,,,,,,,,,,,,,
1970-01-01 00:00:00.000000021,26.66142973270003,78.35420173899426,77.90950934285303,76.46692414938714,77.1955386121651,74.02013248849121,78.2473180232078,97.28591814281403,,,,,,,,,,,,,
1970-01-01 00:00:00.000000020,25.469374021195687,78.10124774373448,77.83495683556596,76.49133621265413,77.19448282261814,74.10764493920489,78.21292372594448,97.33533861910512,,,,,,,,,,,,,
1970-01-01 00:00:00.000000018,30.860022810359368,77.66089321451884,77.65900395030144,76.4681259728503,77.18159717361355,74.19275757974387,78.17839124369044,95.55381397205095,,,,,,,,,,,,,
1970-01-01 00:00:00.000000016,33.74824248881789,77.01731015266976,77.36663794620799,76.38870840157279,77.154347230645,74.27406781261926,78.14333903706222,89.51647031097687,,,,,,,,,,,,,
1970-01-01 00:00:00.000000015,35.87821033770047,76.40724869586629,77.05758021188474,76.29373955714453,77.12263236137144,74.3516984109985,78.1077104499705,82.78085874247147,,,,,,,,,,,,,
1970-01-01 00:00:00.000000014,34.8320346406819,75.83542877847037,76.7385410207031,76.18606934348736,77.08706536383428,74.4257604460164,78.07139708587468,75.81568061507072,,,,,,,,,,,,,
1970-01-01 00:00:00.000000013,32.683543958085515,75.53980450959271,76.52206524010118,76.11435319017735,77.059903593389,74.49754525365384,78.03397443631468,71.50032667578267,,,,,,,,,,,,,
1970-01-01 00:00:00.000000015,29.35029826791383,75.09006656909996,76.22834247346734,76.00363795946957,77.02240320745607,74.56631337526494,77.99521358542579,65.31912637625484,,,,,,,,,,,,,
1970-01-01 00:00:00.000000014,27.511662496372075,74.93970767422529,76.05651789358181,75.93832949418554,76.9956954351901,74.63267589934308,77.95545379464804,61.91869972889635,,,,,,,,,,,,,
1970-01-01 00:00:00.000000015,26.02798000005713,74.77182229172399,75.87867815432153,75.86624915173586,76.96688533893666,74.69854147495288,77.91470567573597,58.31064641898842,,,,,,,,,,,,,
1970-01-01 00:00:00.000000014,26.400108943045066,74.74032465466826,75.76373778633278,75.8171544440774,76.94347686896162,74.76254831681287,77.8731232623191,55.92049906113721,,,,,,,,,,,,,
1970-01-01 00:00:00.000000015,24.554995059986897,74.72655080039476,75.66443938605714,75.772225069145,76.92086968999983,74.82547115491734,77.83080296680163,53.74915404578212,,,,,,,,,,,,,
1970-01-01 00:00:00.000000018,21.797379765484227,74.65841501775722,75.54820597707077,75.71785827769645,76.89564583126558,74.8864938721973,77.78798382280634,51.16046270513198,,,,,,,,,,,,,
1970-01-01 00:00:00.000000016,19.633281884822615,74.89901289799485,75.57667856269572,75.72348753813759,76.88535487193901,74.94684080176494,77.7448317083502,51.42135207451099,,,,,,,,,,,,,
1970-01-01 00:00:00.000000015,17.93739107388079,74.88967540628651,75.51082827876458,75.68932431858134,76.86512572335707,75.0058963253362,77.70131025758138,49.68668167029562,,,,,,,,,,,,,
1970-01-01 00:00:00.000000013,21.063621296405508,74.53379080110344,75.29259410618334,75.58818424257309,76.82776379954626,75.06171012647575,77.65689868343632,44.86167288506466,,,,,,,,,,,,,
1970-01-01 00:00:00.000000013,21.55132307115494,74.33095262379291,75.13141281603492,75.507063288533,76.79484674596422,75.11457358792983,77.61171758876621,41.38993213729307,,,,,,,,,,,,,
1970-01-01 00:00:00.000000013,20.60805030016003,74.18771894717887,74.99353749100653,75.43285626705024,76.76320433297674,75.16449041576607,77.56574159838262,38.45799223635181,,,,,,,,,,,,,
1970-01-01 00:00:00.000000012,22.64747446722875,73.97491423245013,74.82355184396368,75.34230093789279,76.72699031347982,75.21116111919766,77.51884766917166,35.182747221993885,,,,,,,,,,,,,
1970-01-01 00:00:00.000000014,21.350140422764134,73.94333012863589,74.73204655936506,75.282484968304,76.69803512342907,75.2543682802325,77.4711823965319,33.17305098344126,,,,,,,,,,,,,
1970-01-01 00:00:00.000000018,19.872712926341837,74.09716593396341,74.73027043172037,75.26013297563614,76.67827864613399,75.29533086471633,77.42333718166475,32.42763327236767,,,,,,,,,,,,,
1970-01-01 00:00:00.000000025,17.947136321764017,74.44940785703402,74.83282544241092,75.28359346872165,76.67012040636466,75.33478922943486,77.37544239308721,34.10140421633453,,,,,,,,,,,,,
1970-01-01 00:00:00.000000023,17.019770512329142,74.73505271384987,74.92780786956568,75.30688910293308,76.66223495098903,75.3721006984552,77.32757434799936,35.80188319912321,,,,,,,,,,,,,
1970-01-01 00:00:00.000000032,14.791221946224857,75.45658159979084,75.23825234901922,75.42594039864373,76.67895596783049,75.40956656581625,77.28017370816514,43.78530761843364,,,,,,,,,,,,,
1970-01-01 00:00:00.000000031,13.896773534482795,76.03187904936392,75.51959930344077,75.5399454358599,76.69541480245563,75.4477854675321,77.23346824579492,50.1751158526995,,,,,,,,,,,,,
1970-01-01 00:00:00.000000030,12.914496528634103,76.40160187230364,75.73422601804275,75.63173162127961,76.70720662694923,75.48558893887657,77.18741617475455,54.6450454803715,,,,,,,,,,,,,
1970-01-01 00:00:00.000000029,11.885568813342749,77.02091986454214,76.0764047285385,75.78335751195478,76.7349776240293,75.5243815278334,77.14220589133079,60.88744180017511,,,,,,,,,,,,,
1970-01-01 00:00:00.000000028,11.263510651599546,77.408528188997,76.3384553429274,75.90789100116504,76.75710681669385,75.56411962848631,77.09757737235827,65.13216224742851,,,,,,,,,,,,,
1970-01-01 00:00:00.000000028,10.627093885679734,77.80527561516244,76.61607443173621,76.04453313130854,76.78332729931206,75.60447137410824,77.05358733474694,69.0953112081918,,,,,,,,,,,,,
1970-01-01 00:00:00.000000026,14.340482350410651,77.79913382220808,76.72139190615934,76.11237758303726,76.79319037743225,75.64450975685997,77.00993190359341,70.86595254880952,,,,,,,,,,,,,
1970-01-01 00:00:00.000000030,12.238541851923951,78.4297459005399,77.10601029776915,76.30217431365804,76.83457350018286,75.68407385728221,76.96710777116992,75.15452374673502,,,,,,,,,,,,,
1970-01-01 00:00:00.000000028,11.439555445633925,78.78979891769755,77.39001036036541,76.45620712435098,76.8683589478062,75.72279504251861,76.92513069891184,77.98661837556504,,,,,,,,,,,,,
1970-01-01 00:00:00.000000032,10.504116634213077,79.43797011560336,77.81188713735278,76.67481291975787,76.91972507675565,75.76293992567429,76.88414152667788,81.25273358408843,,,,,,,,,,,,,
1970-01-01 00:00:00.000000029,11.860438393118422,79.91798931269754,78.17790340678201,76.87729343667223,76.96866379341554,75.80467494515229,76.8443505307443,83.66957656659291,,,,,,,,,,,,,
1970-01-01 00:00:00.000000029,11.316412085536196,80.29430050777522,78.50714357780963,77.0703229210414,77.01673226599934,75.8476088888339,76.80606849154604,85.57833504747944,,,,,,,,,,,,,
1970-01-01 00:00:00.000000029,10.272795226235214,80.42202793063424,78.72767030910605,77.22179800735626,77.05569948347268,75.89236644394589,76.76925262703574,86.87480251121916,,,,,,,,,,,,,
1970-01-01 00:00:00.000000028,10.228715432691027,80.49917324782771,78.91676887342382,77.36242375281685,77.09303336439933,75.93898697684837,76.73389943683259,87.95718909377892,,,,,,,,,,,,,
1970-01-01 00:00:00.000000026,9.695800579956485,80.59555441857468,79.10443343961825,77.50433180570884,77.13172038665967,75.98727951804426,76.70000016040302,88.9476933922147,,,,,,,,,,,,,
1970-01-01 00:00:00.000000025,12.941965452264904,80.62258611298475,79.2522770260734,77.63085655413693,77.16753125734589,76.0367208067151,76.66747608711286,89.7566472505911,,,,,,,,,,,,,
1970-01-01 00:00:00.000000023,13.282150517399565,80.62302921753624,79.37705199058874,77.74826616518027,77.20193195762845,76.08712299561,76.63632741424153,90.454827348536,,,,,,,,,,,,,
1970-01-01 00:00:00.000000022,14.27614119688652,80.55790671143134,79.46072150844537,77.84823285231091,77.23273280070688,76.13780337445863,76.60658761793157,91.01628576808918,,,,,,,,,,,,,
1970-01-01 00:00:00.000000022,13.272230083070246,80.43069884326617,79.50264385955083,77.92955185302836,77.25949035861633,76.18853861355576,76.57861551780235,91.45652600071504,,,,,,,,,,,,,
1970-01-01 00:00:00.000000020,19.494352463030488,80.10938909170278,79.44096260735977,77.9646341366527,77.27505911211716,76.2370022171085,76.55217221792185,91.64670909627068,,,,,,,,,,,,,
1970-01-01 00:00:00.000000019,18.615219063657836,79.90048582170208,79.40677261957244,78.00778074861532,77.29286820295877,76.28332274424855,76.52732899242105,91.8859410010417,,,,,,,,,,,,,
1970-01-01 00:00:00.000000020,17.464146419021883,79.74299455335776,79.38006869779134,78.05112383611984,77.31097926044158,76.3276145273804,76.50378959491745,92.12978164851862,,,,,,,,,,,,,
1970-01-01 00:00:00.000000020,16.16885942039388,79.84039783995183,79.45733617856742,78.13657039102998,77.34002435224146,76.37032548422832,76.48192283771978,92.60179440276292,,,,,,,,,,,,,
1970-01-01 00:00:00.000000021,15.084489330079728,79.82780380662945,79.4864354053649,78.20091773543429,77.36427712160562,76.41083412792281,76.4613131787311,92.94494752529889,,,,,,,,,,,,,
1970-01-01 00:00:00.000000020,14.474651801717425,79.86587616297935,79.53477451291162,78.2721823571184,77.39068397202128,76.44969935547171,76.44185806082474,93.31478020821713,,,,,,,,,,,,,
1970-01-01 00:00:00.000000019,15.71414171466571,79.86744610860613,79.56558827456632,78.33498798590252,77.41539085678836,76.48805947428671,76.42358617560782,93.63162247246514,,,,,,,,,,,,,
1970-01-01 00:00:00.000000019,14.99649485074155,79.85329526579116,79.58659769456314,78.39230970780953,77.43908539447735,76.52747167239794,76.40622778398912,93.91507977512109,,,,,,,,,,,,,
1970-01-01 00:00:00.000000018,16.051554538877912,79.76686625413684,79.57155701392281,78.43265639407267,77.45880743241807,76.56678631729166,76.38965515990135,94.11367836673749,,,,,,,,,,,,,
1970-01-01 00:00:00.000000023,14.194102308199671,80.14451717323135,79.76097190807613,78.55902754919175,77.50056179477818,76.60814014402239,76.37445818505545,94.69743526060775,,,,,,,,,,,,,
1970-01-01 00:00:00.000000028,13.154703035690693,80.69699496417103,80.04696592806282,78.7295325914952,77.55435626575482,76.6533682763953,76.36082653095735,95.36529341590978,,,,,,,,,,,,,
1970-01-01 00:00:00.000000026,13.638138765586858,80.84239821743057,80.17215186464517,78.83519842047455,77.59286029525447,76.70229807677333,76.34851034249945,95.72467010765747,,,,,,,,,,,,,
1970-01-01 00:00:00.000000024,14.485529622593832,81.08389934787024,80.34285659237096,78.96126530083355,77.63720898753681,76.75564859164712,76.33749308013802,96.11201948819212,,,,,,,,,,,,,
1970-01-01 00:00:00.000000023,13.685226456918128,81.10763003737823,80.42101079264725,79.04915892807185,77.6726850453266,76.8129103833388,76.32732567985276,96.35965709253189,,,,,,,,,,,,,
1970-01-01 00:00:00.000000020,16.85175951823454,81.05535756994165,80.45967051151526,79.11963378188061,77.70426298219097,76.87301599517288,76.31789581807055,96.54943440074489,,,,,,,,,,,,,
1970-01-01 00:00:00.000000019,19.350336629029947,81.0116139368127,80.49394041085904,79.18696733570086,77.73543090678903,76.93668258269749,76.30924392290918,96.72509821336506,,,,,,,,,,,,,
1970-01-01 00:00:00.000000019,18.570178214173517,81.03824470169626,80.55310653362008,79.26374382297654,77.76935465658447,77.00319086927331,76.30123368262706,96.91777848442416,,,,,,,,,,,,,
1970-01-01 00:00:00.000000022,17.708651964787553,81.21554296594685,80.6778001235591,79.36809645826959,77.81070173485676,77.07322781540398,76.29405679907936,97.16216952627056,,,,,,,,,,,,,
1970-01-01 00:00:00.000000019,24.1320631885316,81.01265806660514,80.63446542771175,79.4007639881115,77.83448697599489,77.14490000628467,76.2876367136155,97.23605323174753,,,,,,,,,,,,,
1970-01-01 00:00:00.000000018,22.93671634804938,80.77716899478803,80.56180608951244,79.41780119279417,77.85439469471653,77.21781152875765,76.28181902822212,97.27588724178443,,,,,,,,,,,,,
1970-01-01 00:00:00.000000016,25.921788858137308,80.43278408499059,80.42484594008411,79.40358328114738,77.86634344845866,77.29152602882668,76.27648928768522,96.03205239951977,,,,,,,,,,,,,
1970-01-01 00:00:00.000000015,28.07616162890363,79.92810440422294,80.19616773472667,79.34498729683385,77.866771729381,77.3639560240006,76.27173612285814,90.87480758236364,,,,,,,,,,,,,
1970-01-01 00:00:00.000000014,31.969940508898095,79.25474243451117,79.86572471844825,79.2358228756115,77.85378190675695,77.4348859951412,76.26697302689914,82.0358111270857,,,,,,,,,,,,,
1970-01-01 00:00:00.000000014,29.197093704204462,79.04922241440582,79.71676268349698,79.19626677593985,77.85749693588359,77.50704764580854,76.26235532431576,79.03594991825074,,,,,,,,,,,,,
1970-01-01 00:00:00.000000019,26.585250521909742,79.13901629822388,79.69689260622417,79.2081069742754,77.8738222582479,77.58106851952338,76.25792196032461,79.28018817453598,,,,,,,,,,,,,
1970-01-01 00:00:00.000000025,24.09274654664864,79.52668545068848,79.82238982934442,79.28141109530566,77.90569827618123,77.65803961608849,76.25388766898357,80.77363505620451,,,,,,,,,,,,,
1970-01-01 00:00:00.000000025,22.58636645532892,79.97163064814845,79.99775543013023,79.37827385384223,77.94396407878628,77.73875907440747,76.25045481706533,82.5622152299745,,,,,,,,,,,,,
1970-01-01 00:00:00.000000026,21.189331798979264,80.45468946724924,80.21495264045042,79.49626016324655,77.9881726426158,77.82303457830633,76.24791439510224,84.45873379049667,,,,,,,,,,,,,
1970-01-01 00:00:00.000000027,19.12893582706643,80.99713017487362,80.48331085544321,79.64020654921222,78.03970219846411,77.91063604977785,76.24637520945639,86.40185262100327,,,,,,,,,,,,,
1970-01-01 00:00:00.000000028,17.48286323299158,81.52544919605124,80.77016671229035,79.79701120535142,78.09541387092479,78.00090440451045,76.24558364138727,88.14123580294094,,,,,,,,,,,,,
1970-01-01 00:00:00.000000026,16.16733104155825,81.63996995254412,80.89088364558356,79.88724813763237,78.1352411257267,78.09251158520443,76.24498543580773,89.01226692884599,,,,,,,,,,,,,
1970-01-01 00:00:00.000000024,15.14462196583876,82.00312891613686,81.1240546569403,80.02718996637259,78.18818165950562,78.18453657655901,76.24483192160623,90.21286520789754,,,,,,,,,,,,,
1970-01-01 00:00:00.000000028,13.729226110953327,82.17040321835871,81.28000427242264,80.13747665111273,78.23446343828911,78.27648720086407,76.2449957801684,91.04346157955347,,,,,,,,,,,,,
1970-01-01 00:00:00.000000028,11.812345142768956,82.71249902732369,81.60735681703727,80.32349255746846,78.30059695893483,78.37032241958784,76.24618266655618,92.23971648636359,,,,,,,,,,,,,
1970-01-01 00:00:00.000000027,11.239772351086543,83.16543379217146,81.91370372926683,80.50598982390352,78.36703054990626,78.46477506582681,76.24851929744223,93.199387800935,,,,,,,,,,,,,
1970-01-01 00:00:00.000000028,10.643824520357562,83.59518425297546,82.22283848989633,80.69454654046383,78.43615647573995,78.5605081766128,76.25189880466283,94.02196006908898,,,,,,,,,,,,,
1970-01-01 00:00:00.000000027,10.209873064002696,83.97942804202881,82.52225346338231,80.88363895841593,78.50660669188426,78.65729029315494,76.25605508334792,94.7126468777553,,,,,,,,,,,,,
1970-01-01 00:00:00.000000028,9.706223117494956,84.49096125686525,82.88723897727583,81.10534308225103,78.58651203939,78.75714960313921,76.26095505244602,95.38578544517834,,,,,,,,,,,,,
1970-01-01 00:00:00.000000030,9.11442889669241,85.03692183752345,83.28119581208314,81.34516351667868,78.67242499581555,78.85800938719963,76.26676388176952,95.981725834651,,,,,,,,,,,,,
1970-01-01 00:00:00.000000033,8.463034529772722,85.7167780706047,83.74983282943282,81.62324349653167,78.76957701578684,78.96135011464324,76.27369520749161,96.53978068043006,,,,,,,,,,,,,
1970-01-01 00:00:00.000000035,8.038168600753577,86.38901541302674,84.23420846154937,81.91558550775454,78.87214803834334,79.06616556640319,76.28181806281306,97.00991975922304,,,,,,,,,,,,,
1970-01-01 00:00:00.000000035,7.646522062142089,86.90930193003078,84.66659387395823,82.19303109560914,78.97282763993243,79.17248031958192,76.29149781310477,97.37450950619456,,,,,,,,,,,,,
1970-01-01 00:00:00.000000033,11.087115573570264,87.18356794783323,84.99514279623867,82.43176054358695,79.06544260887881,79.27970907203283,76.3025049974934,97.64104448599099,,,,,,,,,,,,,
1970-01-01 00:00:00.000000033,10.206691361082449,87.63245769078611,85.39813132954403,82.70612352864619,79.16855279846806,79.38939558245863,76.31513674665581,97.90435364638702,,,,,,,,,,,,,
1970-01-01 00:00:00.000000033,9.73433771842524,88.10241848417186,85.81487045028683,82.99146227880574,79.27615189159489,79.5019763529784,76.3295677168941,98.13722998986508,,,,,,,,,,,,,
1970-01-01 00:00:00.000000031,10.264100285754452,88.50366788059921,86.20521545174336,83.27056828615879,79.38393809631842,79.6173010825874,76.34566628843547,98.3324319023202,,,,,,,,,,,,,
1970-01-01 00:00:00.000000030,9.912702243563944,88.80910953641296,86.55300278882741,83.53567839884543,79.4898777785408,79.73539751948157,76.36381028958981,98.49387773967746,,,,,,,,,,,,,
1970-01-01 00:00:00.000000032,9.383853070453968,89.05929782200147,86.87182535023905,83.7915361465125,79.59505363113598,79.85626291910822,76.38406222198765,98.6315738291819,,,,,,,,,,,,,
1970-01-01 00:00:00.000000030,13.95535571043239,89.0377519783043,87.06089291871874,83.99389036051262,79.68815328260246,79.97917606927226,76.40618783007722,98.73043266313965,,,,,,,,,,,,,
1970-01-01 00:00:00.000000026,22.693015148991247,88.59267411682313,87.03829925982598,84.10441868641011,79.75904093820739,80.10267340593988,76.42970514513355,98.78218402712287,,,,,,,,,,,,,
1970-01-01 00:00:00.000000025,23.445128085167443,88.17632587793116,86.99035686551119,84.1987917937024,79.82622394302487,80.22735655908087,76.45436760492727,98.82618136563403,,,,,,,,,,,,,
1970-01-01 00:00:00.000000024,24.63932960208915,87.7751824064465,86.9158342886927,84.27611793985163,79.88935214777595,80.3527233029056,76.47999528547373,98.86244569681558,,,,,,,,,,,,,
1970-01-01 00:00:00.000000022,29.30821589616299,87.23062566148533,86.74643105168796,84.30656032188257,79.94072574512785,80.47783203262087,76.50632554010475,98.87715310561096,,,,,,,,,,,,,
1970-01-01 00:00:00.000000022,27.713113613723465,86.92916605653203,86.65342165032712,84.36211982442516,79.99826407240737,80.60234302128877,76.5336672298114,98.90497910884767,,,,,,,,,,,,,
1970-01-01 00:00:00.000000029,24.66158133743949,87.09444521094828,86.7536162119895,84.49519598145216,80.07545111475768,80.72822858620913,76.56254526866033,98.97077050437547,,,,,,,,,,,,,
1970-01-01 00:00:00.000000029,23.59399080991343,87.19360731621957,86.82967435065451,84.61657087383853,80.15022529010642,80.85511635654353,76.59285038356983,99.02812536536163,,,,,,,,,,,,,
1970-01-01 00:00:00.000000029,21.958440233902728,87.33127898041707,86.92533719488655,84.74462557044122,80.22715802987857,80.9833091082343,76.62465947742656,99.08599589925369,,,,,,,,,,,,,
1970-01-01 00:00:00.000000027,24.475225662510173,87.16332030347428,86.88589614041533,84.81312988515737,80.28948964744896,81.11172551178124,76.6575966366394,99.11631064722879,,,,,,,,,,,,,
1970-01-01 00:00:00.000000025,22.534681105740905,86.9803342823302,86.82794105471883,84.86941460329841,80.34878219023807,81.24046067596576,76.6916548518046,99.14150486669142,,,,,,,,,,,,,
1970-01-01 00:00:00.000000024,25.417053265042895,86.75615768465323,86.73989653101215,84.90823957155908,80.40361471863316,81.36744491641312,76.7267028213278,99.15930988898273,,,,,,,,,,,,,
1970-01-01 00:00:00.000000022,25.324457037520208,86.6254354861015,86.6819556365469,84.95507514490556,80.46032050941189,81.49195576748133,76.76259990881478,99.18136673876413,,,,,,,,,,,,,
1970-01-01 00:00:00.000000020,23.686513513930393,86.49363146993589,86.61690652461294,84.99473554727294,80.51510752330105,81.6151465100173,76.79939685704257,99.20049582567704,,,,,,,,,,,,,
1970-01-01 00:00:00.000000021,21.358438479310156,86.30067452409325,86.51799199880473,85.01568108427097,80.56499547571322,81.73623482568604,76.83688029980647,99.21098185127812,,,,,,,,,,,,,
1970-01-01 00:00:00.000000020,21.321333222906,86.13464209730195,86.42276657983491,85.03351760606962,80.61380658928958,81.855921999246,76.87503587134199,99.22035937117472,,,,,,,,,,,,,
1970-01-01 00:00:00.000000019,20.65994811032412,86.02126348252906,86.34503771107151,85.05446785773111,80.66309954883334,81.974618680763,76.91377691900192,99.23190662675553,,,,,,,,,,,,,
1970-01-01 00:00:00.000000020,18.93706649388384,85.88194151112091,86.25227552147304,85.06506337803532,80.70948317148662,82.09218060160971,76.95306788546148,99.23805311057802,,,,,,,,,,,,,
1970-01-01 00:00:00.000000019,17.947367355664483,85.73159080655299,86.15026756391015,85.06761728431948,80.75347028409155,82.20825807083655,76.99304101087938,99.2396325522514,,,,,,,,,,,,,
1970-01-01 00:00:00.000000019,16.7866116024007,85.6754856579377,86.08670370023437,85.08265445212956,80.80021252070235,82.32254923071376,77.03389487285557,99.24949709687458,,,,,,,,,,,,,
1970-01-01 00:00:00.000000018,16.925164107795975,85.46918949070563,85.95554925673827,85.06545250584124,80.83845921026528,82.43584300106835,77.0757172094564,97.68817768867332,,,,,,,,,,,,,
1970-01-01 00:00:00.000000017,15.741884179293931,85.51612765457622,85.93267026158557,85.09048889032034,80.88687136051199,82.54929675501887,77.11860772941674,97.74380883963333,,,,,,,,,,,,,
1970-01-01 00:00:00.000000015,16.807153087323798,85.3105873653602,85.80137534766834,85.06687858907233,80.9227077271586,82.66256266117736,77.16210904487093,95.41206158727735,,,,,,,,,,,,,
1970-01-01 00:00:00.000000014,19.44077907133616,85.19866215303036,85.70588316185403,85.0544896759209,80.96079980254719,82.7767527087591,77.20617485940025,94.14295988314272,,,,,,,,,,,,,
1970-01-01 00:00:00.000000018,17.986077074814023,85.33081998121335,85.71984390113505,85.08605679819638,81.00954260345662,82.89375738721081,77.25098931067885,94.34920751642179,,,,,,,,,,,,,
1970-01-01 00:00:00.000000019,16.910277963752588,85.32764274034179,85.6830338898369,85.09503236598694,81.05238231662477,83.01173269901176,77.29641258322556,94.40948762287177,,,,,,,,,,,,,
1970-01-01 00:00:00.000000017,17.956978150091423,85.2356417191289,85.60890695751331,85.08611492552774,81.0903450561039,83.12929285803679,77.3420544142358,93.34408339115431,,,,,,,,,,,,,
1970-01-01 00:00:00.000000016,17.083859726086985,85.22816333868204,85.57157449018433,85.09051237224801,81.13121973034063,83.24547488357564,77.38773667473185,93.3837346284784,,,,,,,,,,,,,
1970-01-01 00:00:00.000000018,16.0526564919709,85.21051071244953,85.53233137357844,85.0924491501018,81.17110709827277,83.35975838950084,77.4335496895124,93.40237696218098,,,,,,,,,,,,,
1970-01-01 00:00:00.000000017,16.004316110708654,85.254730591444,85.52317489483694,85.10574957980063,81.21350016304042,83.4719481778319,77.47951046218644,93.5370524441347,,,,,,,,,,,,,
1970-01-01 00:00:00.000000016,16.816523163350784,85.14425383350677,85.44855415910247,85.08992986301465,81.24821505496796,83.58094264410796,77.52550158028477,91.15367439243445,,,,,,,,,,,,,
1970-01-01 00:00:00.000000015,16.817331063655853,85.16866692178588,85.43198735144792,85.09684709485339,81.28819619148472,83.686939361898,77.57156046301496,91.25855872303677,,,,,,,,,,,,,
1970-01-01 00:00:00.000000017,16.08389650916746,85.29710089582716,85.46642820967921,85.12484669081962,81.33319759049475,83.79169133296175,77.61789641547209,91.68814440306011,,,,,,,,,,,,,
1970-01-01 00:00:00.000000028,13.837964521271603,85.90353002086096,85.72668441979893,85.25050942925792,81.40281001766392,83.89615772221946,77.66512341210894,93.2834753888503,,,,,,,,,,,,,
1970-01-01 00:00:00.000000031,12.993401665763164,86.41201011288017,85.97388860717693,85.37582005873632,81.4728908182937,84.00092459037192,77.71331982298088,94.43129381137773,,,,,,,,,,,,,
1970-01-01 00:00:00.000000029,16.31999869021524,86.81490472116351,86.1968517478242,85.49545390562105,81.54208079178628,84.10436381733498,77.7628756812675,95.26350981295637,,,,,,,,,,,,,
1970-01-01 00:00:00.000000033,15.390187749031432,87.31419031745816,86.47998638007988,85.64509621138637,81.61938678094897,84.20714594508465,77.81399975996722,96.05723118911412,,,,,,,,,,,,,
1970-01-01 00:00:00.000000040,13.576297647771264,88.03838686090012,86.8850033486788,85.85255020445624,81.71208117153324,84.31030601836449,77.86716858065479,96.84625498678092,,,,,,,,,,,,,
1970-01-01 00:00:00.000000039,12.450426185190429,88.6119106605951,87.25054903146936,86.05072493602168,81.80356300922321,84.4136477379166,77.92219473445752,97.38467954836553,,,,,,,,,,,,,
1970-01-01 00:00:00.000000037,14.099808749005756,89.00266329410108,87.5519240129835,86.22778175531985,81.89074819150085,84.51609651137798,77.97956245325216,97.75367421682641,,,,,,,,,,,,,
1970-01-01 00:00:00.000000038,12.99791561321145,89.55057729055432,87.93286121874566,86.44403475614524,81.98877291871345,84.6180739361673,78.03923158739288,98.10529255066014,,,,,,,,,,,,,
1970-01-01 00:00:00.000000036,12.33258212663096,89.85083323136924,88.2164062892805,86.62473366745833,82.07895285976734,84.71810373958584,78.10088793115281,98.33922366719156,,,,,,,,,,,,,
1970-01-01 00:00:00.000000039,11.146668669293575,90.35940956605242,88.59616161796274,86.85096822578487,82.18158730797647,84.81681139394645,78.16507839317937,98.57623646185417,,,,,,,,,,,,,
1970-01-01 00:00:00.000000043,9.9221653164943,90.92573718653335,89.01387853164404,87.09959879216417,82.291134177235,84.91494274787755,78.23170122070155,98.78196748355164,,,,,,,,,,,,,
1970-01-01 00:00:00.000000041,9.413746530634985,91.4974272126056,89.4475429666668,87.36173951862419,82.40549291494305,85.01354232737829,78.30050602895548,98.95364235492795,,,,,,,,,,,,,
1970-01-01 00:00:00.000000040,8.633341455560126,92.07535265875634,89.89658946454794,87.63724206469224,82.52471243263874,85.11216469809922,78.37142026342286,99.09759657040107,,,,,,,,,,,,,
1970-01-01 00:00:00.000000040,7.755747288345799,92.74577864800118,90.39939793186,87.94274169372316,82.65309820549786,85.21119028639755,78.44437142339979,99.22493314277901,,,,,,,,,,,,,
1970-01-01 00:00:00.000000040,7.168953435125849,93.278229974065,90.85472859972002,88.23549830488383,82.78001300224236,85.31048888677208,78.51960801654667,99.32345445037363,,,,,,,,,,,,,
1970-01-01 00:00:00.000000045,6.1380265471927355,94.31094457495514,91.54446263415598,88.63574554698704,82.93585170847393,85.4124902297349,78.59745256241375,99.4301110135273,,,,,,,,,,,,,
1970-01-01 00:00:00.000000048,5.0585274931408595,95.24407578935865,92.22011154441203,89.04126927639824,83.09546115064805,85.51748489233262,78.67761420616809,99.51375230116773,,,,,,,,,,,,,
1970-01-01 00:00:00.000000038,9.669816498023604,95.26519929115489,92.50461897658728,89.28865845372928,83.21739380883405,85.62338025419695,78.75936290251973,99.55651440570354,,,,,,,,,,,,,
1970-01-01 00:00:00.000000035,11.4097048820718,95.32682618097078,92.78359304600974,89.53511630810203,83.34033848476838,85.73199420663077,78.84277254195781,99.59475026876451,,,,,,,,,,,,,
1970-01-01 00:00:00.000000036,10.555649017874163,95.6250519481946,93.15035322519884,89.82071782610156,83.47444412190592,85.84443272727876,78.92816044951124,99.63411755553012,,,,,,,,,,,,,
1970-01-01 00:00:00.000000034,11.435668439313485,95.56609227877053,93.34852598664206,90.03677805257108,83.59241237542999,85.95964592953317,79.015354815536,99.66095087350324,,,,,,,,,,,,,
1970-01-01 00:00:00.000000032,13.655764329335865,95.59152891334844,93.56168502891644,90.25860147998634,83.71281897320343,86.07868675269523,79.10435597927837,99.68638121221403,,,,,,,,,,,,,
1970-01-01 00:00:00.000000031,13.226964609371196,95.53534776446784,93.7206794052827,90.45671997759256,83.82822000997697,86.20057875575858,79.1947615244073,99.70748407284233,,,,,,,,,,,,,
1970-01-01 00:00:00.000000033,12.648815035519132,95.68467317007035,93.9535244404825,90.6851613428823,83.95213796801184,86.32437806298718,79.28659241228718,99.73004059433859,,,,,,,,,,,,,
1970-01-01 00:00:00.000000031,13.641832952931304,95.62948597257974,94.08581650794927,90.8703996111072,84.06613398009748,86.44945463773254,79.37954585692492,99.74707235544297,,,,,,,,,,,,,
1970-01-01 00:00:00.000000030,16.41236249947965,95.45189810423568,94.14542833730476,91.02220929815633,84.17235699154784,86.57500631228686,79.47360204261095,99.7604130286928,,,,,,,,,,,,,
1970-01-01 00:00:00.000000028,16.48895599768604,95.38439598582995,94.23351553502314,91.18268687517792,84.28123291712654,86.70239745208727,79.56870223991933,99.77398427287834,,,,,,,,,,,,,
1970-01-01 00:00:00.000000029,15.82247200951072,95.44813415926944,94.36711292756898,91.35995746254456,84.39488320504596,86.83220830927219,79.66489694775521,99.78825286177471,,,,,,,,,,,,,
1970-01-01 00:00:00.000000029,15.430110646988345,95.5187490266343,94.49748525198032,91.53412416974255,84.50837897908623,86.96472600123587,79.76198900021906,99.80151126920201,,,,,,,,,,,,,
1970-01-01 00:00:00.000000032,14.698296641938876,95.64784681652228,94.64900822689796,91.71569726018694,84.62435767557368,87.09993844354149,79.8595050167905,99.81454821490918,,,,,,,,,,,,,
1970-01-01 00:00:00.000000031,14.216421104778268,95.80607042196785,94.81173155570268,91.90092343993452,84.74191595585404,87.23806220139471,79.95739365020115,99.82702918657867,,,,,,,,,,,,,
1970-01-01 00:00:00.000000033,13.4488819382159,95.92480018523052,94.95609407230071,92.07734680457555,84.85791399846526,87.3792955158008,80.0557193360331,99.83819878530734,,,,,,,,,,,,,
1970-01-01 00:00:00.000000033,12.48890141638078,96.17088415453208,95.15601461406776,92.27647908799372,84.98027525252769,87.5241547454393,80.15468689351013,99.84997482201736,,,,,,,,,,,,,
1970-01-01 00:00:00.000000031,13.17517860926184,96.2735588250905,95.294945786182,92.44933314365376,85.0967327874013,87.67205205115773,80.25430799518686,99.8595317461908,,,,,,,,,,,,,
1970-01-01 00:00:00.000000031,12.34698644805782,96.35569856153724,95.42124685174038,92.61540860889572,85.21203154083337,87.82305895577495,80.35455887883676,99.86821777776349,,,,,,,,,,,,,
1970-01-01 00:00:00.000000029,13.27791552172674,96.65885389317512,95.64399488519366,92.821528868144,85.3379961545537,87.97813718745145,80.4555655067261,99.87827809864888,,,,,,,,,,,,,
1970-01-01 00:00:00.000000032,12.454253628035206,97.00538053885651,95.89376690668352,93.03995860357294,85.46788163681269,88.13728327048031,80.55790044788772,99.88803295722663,,,,,,,,,,,,,
1970-01-01 00:00:00.000000034,11.314721886255072,97.5357436400696,96.23589682834154,93.29945811107682,85.60906884485358,88.30196338258503,80.66131367668773,99.89844558884049,,,,,,,,,,,,,
1970-01-01 00:00:00.000000037,10.513060558560955,98.1287948021924,96.62363343037264,93.58187149694376,85.75724725884194,88.4717910347175,80.76609261835283,99.90842656926814,,,,,,,,,,,,,
1970-01-01 00:00:00.000000035,9.56953396173618,98.73471156196877,97.0358829913455,93.87898942259592,85.91049234682436,88.64803325138797,80.87215395339733,99.91760186467049,,,,,,,,,,,,,
1970-01-01 00:00:00.000000033,8.887517117644913,99.0134009634422,97.316998952981,94.12405487933084,86.05196166247124,88.82942455545617,80.97924352249521,99.92433594241677,,,,,,,,,,,,,
1970-01-01 00:00:00.000000032,8.169241145110592,99.55228876391784,97.71616631778456,94.42145821605592,86.20774154608667,89.01613258381336,81.08766807287539,99.93163767597659,,,,,,,,,,,,,
1970-01-01 00:00:00.000000032,7.55862336698855,99.89901942666162,98.04069138686204,94.6906536616081,86.35777339217175,89.20804500972578,81.19713387025546,99.93751548303003,,,,,,,,,,,,,
1970-01-01 00:00:00.000000029,11.69843904242285,100.14107986017696,98.31965776935078,94.9423661295544,86.50455496632168,89.4051700338063,81.30752624982408,99.94249435215984,,,,,,,,,,,,,
1970-01-01 00:00:00.000000028,11.092147151869996,100.3229545253486,98.56791189814028,95.18189895529872,86.64929027199047,89.60699776546733,81.41875067022438,99.9468356889419,,,,,,,,,,,,,
1970-01-01 00:00:00.000000030,10.27237766607827,100.70000943326716,98.89884982239492,95.45744131253964,86.80410558336311,89.81429760871607,81.53099404795552,99.95138256421995,,,,,,,,,,,,,
1970-01-01 00:00:00.000000033,9.730721634402414,101.15471427268795,99.26927562312,95.75219003088596,86.96499541467662,90.02722641773778,81.64414436352713,99.95574293755192,,,,,,,,,,,,,
1970-01-01 00:00:00.000000031,9.824411389517632,101.3732663522324,99.54002099105548,96.0069070755732,87.11705988488293,90.24556596198896,81.75811888014778,99.95915242191211,,,,,,,,,,,,,
1970-01-01 00:00:00.000000029,15.39322377054079,101.35383769116092,99.69784845067542,96.2135429960164,87.25794608549977,90.46789988001221,81.8726332189639,99.96172825033295,,,,,,,,,,,,,
1970-01-01 00:00:00.000000026,19.845201171059223,101.04786965244048,99.70931654584662,96.35512944705728,87.3829814229332,90.69250553513697,81.9872022879396,99.96342992686021,,,,,,,,,,,,,
1970-01-01 00:00:00.000000024,19.723282678762452,100.88355023855394,99.7563125492249,96.50693898180045,87.5107753648245,90.91763412618782,82.10197374769562,99.96521576926418,,,,,,,,,,,,,
1970-01-01 00:00:00.000000027,18.744561473305907,100.82666288371423,99.83293081423678,96.66741641248888,87.64100758472033,91.14346605326287,82.21716582800775,99.96704767435415,,,,,,,,,,,,,
1970-01-01 00:00:00.000000024,20.366394898175837,100.56137150570189,99.80268310327456,96.77850619998549,87.75900955893856,91.36912709915018,82.3323505687374,99.96829255211986,,,,,,,,,,,,,
1970-01-01 00:00:00.000000023,21.625078950157928,100.29811759030368,99.75199390558694,96.87523544424924,87.8732990352547,91.59372988380741,82.44750810563806,99.96937735705447,,,,,,,,,,,,,
1970-01-01 00:00:00.000000022,21.94233695198415,100.0070579150164,99.66934166088517,96.95239559207738,87.98244848976826,91.81572679155984,82.56266515375586,99.9702516817073,,,,,,,,,,,,,
1970-01-01 00:00:00.000000024,20.41698189779928,99.99006710838032,99.69232004460795,97.06885474069536,88.10125103098287,92.03608938765332,82.67787469820829,99.97157102118167,,,,,,,,,,,,,
1970-01-01 00:00:00.000000026,18.891570037670615,100.12561386736832,99.78100012267272,97.20998988432773,88.22629132822006,92.25573355023347,82.79337235540267,99.97312650172736,,,,,,,,,,,,,
1970-01-01 00:00:00.000000025,17.72956192503559,100.1594815724103,99.82772305630048,97.3309688062199,88.34637750796492,92.47347223123498,82.90840735297103,99.97441857538992,,,,,,,,,,,,,
1970-01-01 00:00:00.000000023,18.91596605125033,100.10611919347512,99.83362729461264,97.43142766392636,88.4612659872661,92.68960611116432,83.02296375197801,99.97547312844704,,,,,,,,,,,,,
1970-01-01 00:00:00.000000023,17.732157994597518,99.97708895829572,99.7997491785186,97.51101748171662,88.570715758712,92.90280709628296,83.13718099557671,99.97630647815339,,,,,,,,,,,,,
1970-01-01 00:00:00.000000021,24.41751699379463,99.659968590953,99.67172535516072,97.54554570288782,88.66843487675051,93.11172603449744,83.25095601177729,99.97667671213736,,,,,,,,,,,,,
1970-01-01 00:00:00.000000018,30.61279754584565,98.97063386934444,99.35732259404703,97.4933005766142,88.74350811163768,93.31435725565726,83.36380438597557,97.49421940330767,,,,,,,,,,,,,
1970-01-01 00:00:00.000000018,29.41568740612358,98.44663954176464,99.0839898338105,97.44849122974482,88.81920118745667,93.51058223895829,83.4761272408655,95.30836305809622,,,,,,,,,,,,,
1970-01-01 00:00:00.000000017,30.28425814637427,97.93325157481796,98.79269073137604,97.38696999355996,88.88945490406935,93.69946680495502,83.58790510529484,92.25026439555403,,,,,,,,,,,,,
1970-01-01 00:00:00.000000016,30.128704551361203,97.42442413583092,98.4832746994221,97.30862271459225,88.95412813268442,93.88092929314918,83.69899969513823,88.36188183606666,,,,,,,,,,,,,
1970-01-01 00:00:00.000000015,28.347675102495675,97.219483156321,98.2938605665911,97.27297944101144,89.0282136163222,94.05367397102968,83.80957063174031,86.57404683525375,,,,,,,,,,,,,
1970-01-01 00:00:00.000000017,27.174323265274207,97.1614965592365,98.16983234880088,97.2595116264972,89.10683388054684,94.21803881803166,83.91972740627062,85.86708910899813,,,,,,,,,,,,,
1970-01-01 00:00:00.000000024,24.61421696604499,97.28583024299468,98.13468076963964,97.2800470520474,89.1931655332581,94.377866589998,84.02955657198146,86.05409007341278,,,,,,,,,,,,,
1970-01-01 00:00:00.000000027,22.08981043171131,97.71104487066528,98.25079191615852,97.36364926103958,89.29484451682119,94.53443724905678,84.1394108687958,86.81874870367483,,,,,,,,,,,,,
1970-01-01 00:00:00.000000026,20.6960092969635,97.97076155571192,98.31977704158945,97.42819745848504,89.39150903203588,94.68658684170445,84.24884458629315,87.3934827318002,,,,,,,,,,,,,
1970-01-01 00:00:00.000000024,23.622449164274755,98.1353632118547,98.36286729566548,97.4817493164435,89.48506386591042,94.8354862669819,84.3577945609173,87.86617982669036,,,,,,,,,,,,,
1970-01-01 00:00:00.000000024,21.90836913648572,98.16304215639782,98.35476644465682,97.51280847793868,89.5725135581359,94.98057040694093,84.46617592990937,88.14385133143934,,,,,,,,,,,,,
1970-01-01 00:00:00.000000022,23.064749617420635,98.1322006928917,98.32331811685776,97.53226049209276,89.65645705346655,95.12208121723093,84.57383211962666,88.32406386964718,,,,,,,,,,,,,
1970-01-01 00:00:00.000000024,21.62240382889843,98.29198797130556,98.37857438668532,97.58711839769542,89.74874242691426,95.2601203583272,84.68089028386157,88.83928392093829,,,,,,,,,,,,,
1970-01-01 00:00:00.000000024,19.180144119221197,98.1372402793882,98.30036303441562,97.58441765706888,89.82605095512127,95.39440071924645,84.78716776724856,88.63192650452228,,,,,,,,,,,,,
1970-01-01 00:00:00.000000022,22.989803595564368,97.7779623895262,98.12222556129404,97.53565033052024,89.89087483447409,95.52466953989371,84.89276110867539,84.78372528686923,,,,,,,,,,,,,
1970-01-01 00:00:00.000000021,21.681609020118156,97.67107444042956,98.04234347790756,97.52419434281524,89.96403550919617,95.65149968924646,84.99827358137821,83.86258851240926,,,,,,,,,,,,,
1970-01-01 00:00:00.000000019,26.756896487763303,97.24804271884754,97.8163046010541,97.44700695025462,90.01967610942825,95.77324067900066,85.10317399538256,77.73451411437468,,,,,,,,,,,,,
1970-01-01 00:00:00.000000018,27.099375239825186,96.91157962185538,97.61170665858434,97.37323127510294,90.07486069773132,95.89002282110786,85.20758347069481,72.29668383491516,,,,,,,,,,,,,
1970-01-01 00:00:00.000000023,24.40967482535245,96.90732461057024,97.54612465011571,97.3542929727628,90.14267605959895,96.00279473535939,85.31201430569438,70.92509412730763,,,,,,,,,,,,,
1970-01-01 00:00:00.000000021,22.849741618485123,96.60957093113198,97.3527093376851,97.27838172729678,90.19517237953708,96.11034390110663,85.416462672323,65.55637680387461,,,,,,,,,,,,,
1970-01-01 00:00:00.000000019,22.758697904657392,96.59703632254232,97.27945375136676,97.24969608654725,90.25837362837936,96.21379088674607,85.52124245497002,63.59729582339768,,,,,,,,,,,,,
1970-01-01 00:00:00.000000026,20.44815408328196,96.97947537151042,97.39125173464096,97.2990896348153,90.34047171732466,96.3142430976825,85.62680755642664,65.50863675008912,,,,,,,,,,,,,
1970-01-01 00:00:00.000000022,25.006414763220167,96.47105588314584,97.12271775237248,97.18686564637892,90.38123695326856,96.408993747737,85.73217011870766,58.0507998982268,,,,,,,,,,,,,
1970-01-01 00:00:00.000000020,26.888427003350536,96.08002006052058,96.8857322085222,97.0821209845609,90.42237764796262,96.49832799525029,85.8375625338331,52.09006140662176,,,,,,,,,,,,,
1970-01-01 00:00:00.000000023,24.984184389442763,95.96533745954927,96.760357194626,97.02033612460416,90.47296699530294,96.5823041403795,85.9429725669852,48.900437647765514,,,,,,,,,,,,,
1970-01-01 00:00:00.000000021,28.183314189822124,95.4990949188113,96.4761542456472,96.8875435219083,90.50442130137812,96.65925583874622,86.04807903883608,42.83013271055517,,,,,,,,,,,,,
1970-01-01 00:00:00.000000020,32.29793136445725,94.81897350584984,96.07818457367964,96.6997374172846,90.52028266011072,96.72726142487036,86.1524919537021,36.01991559093106,,,,,,,,,,,,,
1970-01-01 00:00:00.000000019,31.402855151517404,94.34819027928924,95.7497184645312,96.53367153319684,90.53963365227924,96.78629742559542,86.25629918602235,31.283192415734494,,,,,,,,,,,,,
1970-01-01 00:00:00.000000022,29.298160760384047,94.05676725028688,95.48984179814448,96.39082461559217,90.56303107996082,96.83653412945536,86.35966401771184,27.88616367953135,,,,,,,,,,,,,
1970-01-01 00:00:00.000000027,26.20705810693077,94.32890073870604,95.48325933398432,96.3526524617408,90.61133360346751,96.88110608110355,86.46280984232985,27.04113104194703,,,,,,,,,,,,,
1970-01-01 00:00:00.000000029,24.858092540557497,94.582274948875,95.4934877390358,96.32297086675295,90.66093000332904,96.9191363341175,86.5659780750707,26.371937109241916,,,,,,,,,,,,,
1970-01-01 00:00:00.000000028,26.39851978625624,94.8265850347836,95.52170025170692,96.3026122201516,90.71210309163838,96.95137550528835,86.6695502149586,25.89851519165904,,,,,,,,,,,,,
1970-01-01 00:00:00.000000027,25.328448508893185,95.04184816698704,95.55635483753365,96.28693725841237,90.763752819043,96.97826692786553,86.773449584808,25.518669999526924,,,,,,,,,,,,,
1970-01-01 00:00:00.000000030,23.471354621918152,95.46768568690996,95.70314401290344,96.32160778814526,90.82750687822268,97.00106110452245,86.87789334241349,28.03289685334023,,,,,,,,,,,,,
1970-01-01 00:00:00.000000031,22.47198336497788,95.7112640280436,95.7924561383284,96.33588110596617,90.885796137072,97.01862990039099,86.98286124325385,29.09407598461588,,,,,,,,,,,,,
1970-01-01 00:00:00.000000029,22.954964466006125,96.00718108327472,95.9195827897712,96.36940927060274,90.9485329845061,97.03097428518532,87.08829586476533,31.64385062156439,,,,,,,,,,,,,
1970-01-01 00:00:00.000000031,21.557079370501423,96.4876357357604,96.14593474940138,96.44941103825374,91.0227710080006,97.03982436443894,87.19424225507842,37.4259801630037,,,,,,,,,,,,,
1970-01-01 00:00:00.000000035,20.21219048482688,96.98296137181146,96.40214649182086,96.5480327197346,91.1017908379311,97.04651415891331,87.30056445133349,43.743419246733936,,,,,,,,,,,,,
1970-01-01 00:00:00.000000033,20.682546497386216,97.37327705643357,96.63236406483004,96.64162123248704,91.17972863849818,97.05224399462189,87.40723811198126,49.0049252075044,,,,,,,,,,,,,
1970-01-01 00:00:00.000000030,25.597509609310663,97.3605692769828,96.69394352795274,96.66782189627892,91.24072375810697,97.05546165291145,87.51344751946945,50.40342639762553,,,,,,,,,,,,,
1970-01-01 00:00:00.000000027,26.638907936089193,97.11262686934012,96.64184477439062,96.6463723018668,91.2892823002031,97.05504077069901,87.61897965379947,49.21352612504547,,,,,,,,,,,,,
1970-01-01 00:00:00.000000026,29.92945173029136,96.76170031139009,96.52513107486328,96.59584766569908,91.32976699452536,97.0513876000133,87.72380023402157,46.432884855859086,,,,,,,,,,,,,
1970-01-01 00:00:00.000000026,27.59397230297985,96.71873524911209,96.52710779533024,96.59392716900498,91.3816785169679,97.04576143450842,87.82785308230682,46.325738381878246,,,,,,,,,,,,,
1970-01-01 00:00:00.000000024,27.839319234172564,96.36732828718029,96.38479803570505,96.52991827765,91.41730062564936,97.03731188821986,87.93096321868924,42.782278261439025,,,,,,,,,,,,,
1970-01-01 00:00:00.000000023,27.513193726580308,96.03270387730282,96.23110787225848,96.45792957020464,91.44990665164084,97.02509338481005,88.03303020088373,39.15484475990562,,,,,,,,,,,,,
1970-01-01 00:00:00.000000021,32.53625322057492,95.66989326541648,96.04815723095054,96.37011471717196,91.47745634483717,97.00829588146694,88.1343188865544,35.23069926656279,,,,,,,,,,,,,
1970-01-01 00:00:00.000000019,31.295979205534667,95.08836975149336,95.7494407277551,96.22863083398092,91.49024061698604,96.98624912202214,88.23395116915603,30.0118368571642,,,,,,,,,,,,,
1970-01-01 00:00:00.000000018,31.303987682454963,94.46859619181969,95.40762811187965,96.06239048571209,91.495208391475,96.95886837845786,88.33198208596282,25.274343444957978,,,,,,,,,,,,,
1970-01-01 00:00:00.000000017,32.40885208146269,93.94503686556511,95.08428006175846,95.89723005727424,91.49874661206276,96.92659262996902,88.42809417165039,21.622470930190865,,,,,,,,,,,,,
1970-01-01 00:00:00.000000016,32.83111816029926,93.33993146999116,94.70566459138908,95.70202534474171,91.49298306256658,96.88972222280609,88.52221783119076,18.263614521204204,,,,,,,,,,,,,
1970-01-01 00:00:00.000000014,32.097604128044075,92.88556974874685,94.3749789797873,95.52030367882124,91.48875559790194,96.85026228485023,88.61446773497964,15.802592242414056,,,,,,,,,,,,,
1970-01-01 00:00:00.000000014,32.02489158967137,92.32195372380215,93.98338903835422,95.30646783353508,91.4746136479131,96.80742181692604,88.70489108411056,13.497716139268949,,,,,,,,,,,,,
1970-01-01 00:00:00.000000013,31.685029900561723,91.93644786673704,93.65711952927442,95.11383868078768,91.46386549657542,96.76195919067061,88.7936481587504,11.824580387598376,,,,,,,,,,,,,
1970-01-01 00:00:00.000000016,29.093297285505137,91.927245146417,93.49651177798916,94.98743066448765,91.46810996193425,96.7155353496685,88.8810636530443,10.872169425690236,,,,,,,,,,,,,
1970-01-01 00:00:00.000000015,27.2780566537419,91.94167862445782,93.3604118469557,94.87025348300268,91.4733965547172,96.66748083050832,88.96726063768861,10.063034886106953,,,,,,,,,,,,,
1970-01-01 00:00:00.000000015,26.189298147477547,91.8561337320858,93.1925520574686,94.73863390181032,91.47380011300456,96.61706327601458,89.05221247637176,9.231924142385006,,,,,,,,,,,,,
1970-01-01 00:00:00.000000014,27.397699481760483,91.72627203693816,93.01203143918488,94.60013160198828,91.47114364676918,96.5634649670134,89.13597197012015,8.441815290660092,,,,,,,,,,,,,
1970-01-01 00:00:00.000000013,27.979924487857375,91.7115489405857,92.88845190427496,94.48454434525053,91.4729497453603,96.50588286869763,89.21874693258125,7.838859802743092,,,,,,,,,,,,,
1970-01-01 00:00:00.000000013,26.4509069778017,91.61060420373808,92.73557675446338,94.35600634176414,91.4703017404945,96.4444390463632,89.30070379360683,7.221179405847581,,,,,,,,,,,,,
1970-01-01 00:00:00.000000012,25.160039657678084,91.5635337169944,92.61191084678666,94.2391140056173,91.469355969644,96.37958634014667,89.38186045989183,6.703842019858512,,,,,,,,,,,,,
1970-01-01 00:00:00.000000015,23.126064587471948,91.46841577974786,92.4733684089662,94.1155387124857,91.46556082597354,96.31164094483763,89.46218253427365,6.198287776709453,,,,,,,,,,,,,
1970-01-01 00:00:00.000000014,21.828265430609235,91.41411708424752,92.35732785380984,94.0010831669861,91.46288780583696,96.2410173983355,89.54150509815344,5.7646688533732,,,,,,,,,,,,,
1970-01-01 00:00:00.000000012,29.482787413811295,91.02788485392144,92.0960213155196,93.82390170681478,91.44318699117804,96.16575306451789,89.61962001801034,5.162569051147158,,,,,,,,,,,,,
1970-01-01 00:00:00.000000011,26.931032718096777,90.74862013899654,91.8719794940448,93.6594961998533,91.42516086469168,96.08725463537357,89.69655658722401,4.6746721646815805,,,,,,,,,,,,,
1970-01-01 00:00:00.000000012,23.92486223126874,90.8798912894199,91.82952462105102,93.57108363872624,91.42496001918344,96.0079633015377,89.77273706548814,4.432093087013713,,,,,,,,,,,,,
1970-01-01 00:00:00.000000021,21.385667134424793,91.23259192557887,91.90351278915682,93.53470367133365,91.43708374506436,95.92817348810806,89.84844903530576,4.332467585444311,,,,,,,,,,,,,
1970-01-01 00:00:00.000000023,18.598411542234356,91.71884178997485,92.06354264901152,93.53976789000912,91.45924053613396,95.85002870690315,89.92398459278543,4.6537596865296464,,,,,,,,,,,,,
1970-01-01 00:00:00.000000022,17.724534732385088,92.09991626645252,92.20542187840714,93.54307950892498,91.4807825623651,95.77342567157959,89.9989048525841,4.8787302535127335,,,,,,,,,,,,,
1970-01-01 00:00:00.000000026,16.870852083763502,92.52762741013468,92.39024461535767,93.57034980209905,91.50822225811136,95.69774680816631,90.07310893863715,6.82830663391392,,,,,,,,,,,,,
1970-01-01 00:00:00.000000029,15.330636079132129,93.20664477478743,92.71137821699776,93.6625993876402,91.5521475513978,95.62543116137319,90.14724594347297,13.301706923631881,,,,,,,,,,,,,
1970-01-01 00:00:00.000000032,14.545746308289182,93.83506221875574,93.04204674223696,93.7679379212476,91.59987475978818,95.55579599806718,90.22127930657503,20.12605452575548,,,,,,,,,,,,,
1970-01-01 00:00:00.000000033,13.604922921005809,94.44875656211396,93.39309103253784,93.89090247082795,91.65264748790518,95.48763225478744,90.2954880242888,27.318126793792757,,,,,,,,,,,,,
1970-01-01 00:00:00.000000031,16.161174201405085,94.87630566473024,93.6834011273249,93.99661225923452,91.70174056837574,95.42382718704455,90.36987291667558,32.91082423470491,,,,,,,,,,,,,
1970-01-01 00:00:00.000000034,14.67400551106321,95.21438223930376,93.9455181646224,94.09739956426836,91.75014801085555,95.36413275863872,90.44442507781841,37.82327665798444,,,,,,,,,,,,,
1970-01-01 00:00:00.000000032,15.187160422401494,95.62552800823988,94.2477538845644,94.22181962386507,91.80507301655835,95.30816242862392,90.51921545682286,43.33896431873111,,,,,,,,,,,,,
1970-01-01 00:00:00.000000043,12.34186158118066,96.83619511167004,94.9233093064577,94.51425271804256,91.90331968828804,95.2606966125466,90.59494623812172,53.72869675320473,,,,,,,,,,,,,
1970-01-01 00:00:00.000000039,11.031062099321428,97.28360452683604,95.300575932007,94.6930366188056,91.97466220071802,95.22056259657704,90.6714076012752,58.713156656919494,,,,,,,,,,,,,
1970-01-01 00:00:00.000000034,18.100299441063218,97.2551474764493,95.46791623590656,94.7890477033584,92.02607172384424,95.18567011998026,90.74826383382802,61.13445753279894,,,,,,,,,,,,,
1970-01-01 00:00:00.000000032,17.076134152495225,97.22841760274147,95.61824186063416,94.88051634667416,92.07677248388468,95.15546395460188,90.82564849915565,63.34023790245477,,,,,,,,,,,,,
1970-01-01 00:00:00.000000030,16.27512993103564,97.27242219254474,95.78462355982722,94.98121925667743,92.13022191739586,95.12803529050063,90.90382965895486,65.65155274992661,,,,,,,,,,,,,
1970-01-01 00:00:00.000000030,14.898549277998448,97.50577344739516,96.02594673318808,95.11682550021156,92.19299760445458,95.10391238316979,90.98323467207787,68.52896957155531,,,,,,,,,,,,,
1970-01-01 00:00:00.000000028,14.05580768401609,97.39919578428334,96.11203204215607,95.18961215243212,92.24055867437878,95.08165238181542,91.06320139896033,69.98250894797549,,,,,,,,,,,,,
1970-01-01 00:00:00.000000029,13.032875882392007,97.6131356191259,96.3262923072779,95.31821147816012,92.30253216974312,95.06227786621037,91.14375192147975,72.40733770707897,,,,,,,,,,,,,
1970-01-01 00:00:00.000000030,12.178141656271489,97.9388422355351,96.59132652490462,95.47207254572922,92.37157830438422,95.04528716136205,91.22470522873188,75.00853412981961,,,,,,,,,,,,,
1970-01-01 00:00:00.000000029,11.70508266470739,98.23507342221716,96.84847849254469,95.62689315840436,92.44171183537487,95.03110740241081,91.30594832525466,77.32493058347895,,,,,,,,,,,,,
1970-01-01 00:00:00.000000032,10.879949359428744,98.75405910398467,97.21043515968194,95.8309366357632,92.5251774074712,95.02033794971402,91.38762170761726,79.9611018220604,,,,,,,,,,,,,
1970-01-01 00:00:00.000000033,9.81648535524245,99.37924673387134,97.63494080456702,96.06815469920063,92.61826019200798,95.01271282293295,91.46976144836721,82.50729672688541,,,,,,,,,,,,,
1970-01-01 00:00:00.000000032,9.118418358158292,99.97339708192128,98.06358241089012,96.3145015139034,92.71509340874545,95.00804219881633,91.55234889990996,84.68377098977716,,,,,,,,,,,,,
1970-01-01 00:00:00.000000030,9.392324254793188,100.17671723829096,98.3296201793337,96.49785431193736,92.79743076650686,95.00516686040535,91.6354019307815,86.07272548180303,,,,,,,,,,,,,
1970-01-01 00:00:00.000000029,8.680620181197,100.5073741568437,98.64783669312652,96.70695813621649,92.88730709550734,95.00594958520409,91.7188007716307,87.46845105860505,,,,,,,,,,,,,
1970-01-01 00:00:00.000000028,7.979384008951052,100.8458987151234,98.97076035268248,96.92237142296258,92.97997067613156,95.01146956762601,91.80272524548997,88.72231147384136,,,,,,,,,,,,,
1970-01-01 00:00:00.000000026,7.556764305687992,101.29471823967684,99.34523635133776,97.16423906668524,93.08056794639784,95.02283739564572,91.88692897803605,89.93949030606838,,,,,,,,,,,,,
1970-01-01 00:00:00.000000029,6.88829641272548,101.9057742865657,99.80021472613626,97.44603355325135,93.1927015834896,95.03987952333065,91.97162919668277,91.13937144697174,,,,,,,,,,,,,
1970-01-01 00:00:00.000000031,6.468277282426123,102.5906197954635,100.3029226447652,97.75520877983188,93.3134707401818,95.06438533337429,92.05693250787961,92.23379178009571,,,,,,,,,,,,,
1970-01-01 00:00:00.000000035,5.964073923573214,103.33049601947629,100.84720248756176,98.08990651064347,93.44259044341908,95.09702487218308,92.14296384564075,93.21133656639226,,,,,,,,,,,,,
1970-01-01 00:00:00.000000034,5.558246582257391,104.19239669351072,101.46472947866054,98.46441995687896,93.58385819412784,95.1389109769772,92.2297592300139,94.10542318566343,,,,,,,,,,,,,
1970-01-01 00:00:00.000000032,5.294741017498419,104.73191723273828,101.95793583420487,98.79483483659544,93.71625760900864,95.1902350570295,92.31700758661349,94.76099596935616,,,,,,,,,,,,,
1970-01-01 00:00:00.000000030,10.706687104402716,104.8175345186125,102.24903290946894,99.04444930034109,93.83012572894,95.24987623332208,92.40411361563254,95.19569960409123,,,,,,,,,,,,,
1970-01-01 00:00:00.000000028,9.752440605986466,105.06402822524156,102.594575649677,99.31917689843584,93.95171654807253,95.31831517014533,92.49113157258594,95.62588166233307,,,,,,,,,,,,,
1970-01-01 00:00:00.000000029,9.001319724876472,105.59122196984173,103.05870485863748,99.64783650823216,94.08851535802444,95.39723139341513,92.57840559964905,96.0782860246663,,,,,,,,,,,,,
1970-01-01 00:00:00.000000030,7.689758160189064,105.52097714862728,103.2570042227404,99.86713695354736,94.19947538295725,95.48416805890963,92.66558248169883,96.34958977055892,,,,,,,,,,,,,
1970-01-01 00:00:00.000000028,13.572007576859209,105.09478159683152,103.2690946924593,100.00528842162976,94.29092338302382,95.57814447067155,92.75207830616377,96.51323495573061,,,,,,,,,,,,,
1970-01-01 00:00:00.000000026,18.581280630260224,104.59382454504336,103.2073584784076,100.1066495163851,94.37350122337077,95.67800068738349,92.83765424235166,96.63251497583067,,,,,,,,,,,,,
1970-01-01 00:00:00.000000029,17.169704805422064,104.59906018535108,103.33578068460528,100.28364376070655,94.47545646240768,95.78392494930787,92.92271961972439,96.8360535285914,,,,,,,,,,,,,
1970-01-01 00:00:00.000000037,14.999464243599846,105.14324808724572,103.697982412807,100.5595792875347,94.60326286273023,95.89771146539852,93.00783912416786,97.12754594432486,,,,,,,,,,,,,
1970-01-01 00:00:00.000000033,14.93957021025331,105.00059853083174,103.76452949393142,100.7113605039128,94.70104134474464,96.01716599744057,93.09243824595485,97.27619729886358,,,,,,,,,,,,,
1970-01-01 00:00:00.000000031,20.17177524869133,104.59247864155992,103.6913903657988,100.79954240903278,94.78322002872204,96.14115421358144,93.17646650619744,97.36162494573205,,,,,,,,,,,,,
1970-01-01 00:00:00.000000031,19.178167292830175,104.52198248600185,103.74126377470522,100.93446223078716,94.87731732061306,96.27015257129219,93.26061672391934,97.49127049156584,,,,,,,,,,,,,
1970-01-01 00:00:00.000000034,17.778380991066452,104.72958550052024,103.90660320960416,101.1158557730541,94.98361264636412,96.40534955991798,93.3452020438161,97.65790191127661,,,,,,,,,,,,,
1970-01-01 00:00:00.000000035,16.82569390281635,104.9556685224865,104.08418479149027,101.3019006686344,95.09183541217494,96.54660529317833,93.43033095746001,97.81798361040174,,,,,,,,,,,,,
1970-01-01 00:00:00.000000034,16.214716374850163,105.16253439074312,104.25744052533383,101.48574761746322,95.200274839554,96.69400947127787,93.51622689393791,97.96593682130582,,,,,,,,,,,,,
1970-01-01 00:00:00.000000032,16.390403814832876,105.29802678017262,104.40130923556627,101.65650246924469,95.30614271515934,96.84711785732303,93.60269880716201,98.09512817636752,,,,,,,,,,,,,
1970-01-01 00:00:00.000000032,15.791765683006044,105.48042124103264,104.56573558546684,101.83507096395952,95.41463879843609,97.00734124246594,93.68939818207457,98.22228717234255,,,,,,,,,,,,,
1970-01-01 00:00:00.000000029,18.56161747015358,105.40633711489642,104.61521422409274,101.96349957754352,95.5111100602462,97.17342131001973,93.77613282559307,98.30968308265719,,,,,,,,,,,,,
1970-01-01 00:00:00.000000028,18.780262172685745,105.1610697529523,104.575649322373,102.05042117470556,95.5973676746236,97.34300806073932,93.86266180361439,98.36815651572714,,,,,,,,,,,,,
1970-01-01 00:00:00.000000025,24.58058602989885,104.62885580236184,104.38695392943,102.06805171687398,95.66605058333384,97.51367502165013,93.94893641277298,98.3803948484875,,,,,,,,,,,,,
1970-01-01 00:00:00.000000028,23.007029967610713,104.48308494706528,104.34268552910716,102.13989288585456,95.74798044345866,97.68567752156704,94.03528880418577,98.43199875329637,,,,,,,,,,,,,
1970-01-01 00:00:00.000000031,21.515540285052353,104.616468262828,104.41607789245003,102.25793636193396,95.84153289203996,97.85997465862721,94.12203728813763,98.51568476008335,,,,,,,,,,,,,
1970-01-01 00:00:00.000000035,19.799104861214655,105.08517442715691,104.6473434553612,102.4423309785041,95.95216439644229,98.03741428215531,94.20947356730564,98.63797258537895,,,,,,,,,,,,,
1970-01-01 00:00:00.000000040,17.89440395633264,105.92213887033884,105.06758465424348,102.71008257319282,96.0846801401898,98.21836394586639,94.29805030243524,98.79341943119411,,,,,,,,,,,,,
1970-01-01 00:00:00.000000037,17.918199707704325,106.41171164558747,105.36780448081971,102.93204022705125,96.2069221561738,98.40164599198243,94.38763209814914,98.9049870265147,,,,,,,,,,,,,
1970-01-01 00:00:00.000000035,17.83271802412486,106.67936931647,105.5843677098361,103.1209798259904,96.32177865213228,98.58624753908569,94.47806940924873,98.9905533121295,,,,,,,,,,,,,
1970-01-01 00:00:00.000000038,16.163014909860795,107.16549557524633,105.90487979170112,103.35584338616144,96.4490246417663,98.77343216162424,94.5695762868909,99.0861485692106,,,,,,,,,,,,,
1970-01-01 00:00:00.000000030,24.446650676068604,106.62839713158375,105.77534557035862,103.3999280908976,96.52893487773812,98.95948273215681,94.66125061045518,99.10331383013578,,,,,,,,,,,,,
1970-01-01 00:00:00.000000027,30.824101690337063,105.61671764423188,105.39304139985548,103.32816619301238,96.57909472666437,99.14160966353977,94.75255335499867,95.94406670577446,,,,,,,,,,,,,
1970-01-01 00:00:00.000000024,28.206863922103327,104.74937387124488,105.01912843435016,103.24784590227844,96.62586989136716,99.31628152722449,94.84337931224941,92.39385265783773,,,,,,,,,,,,,
1970-01-01 00:00:00.000000021,29.918702641664236,104.26949879182013,104.77648025614752,103.21263619921343,96.68282639467816,99.48667351883263,94.93411523071627,90.80757119370625,,,,,,,,,,,,,
1970-01-01 00:00:00.000000020,27.777009234196132,104.05559842310454,104.6331635917925,103.21214054231262,96.74767386287284,99.65513537561174,95.02472348897624,90.78394195731804,,,,,,,,,,,,,
1970-01-01 00:00:00.000000021,25.449448957326226,104.17047818916724,104.63287574284936,103.26774276627754,96.82610494138572,99.8228799040038,95.11572780986225,91.06482553802059,,,,,,,,,,,,,
1970-01-01 00:00:00.000000023,23.40149158906232,104.65238291754471,104.80988720541347,103.39763527862172,96.92315864178045,99.99120822444267,95.20744353787575,91.7011460331696,,,,,,,,,,,,,
1970-01-01 00:00:00.000000024,22.608023842861403,105.05790639507094,104.97989748721004,103.52635547574152,97.02024164340628,100.15939882395328,95.29964503126348,92.28731864997762,,,,,,,,,,,,,
